att48 TSESM_AGM 1 45740 48 35245 11820420 200 150 3500 100 300
att48 TSESM_AGM 2 45740 48 33840 10612754 200 150 3500 100 300
att48 TSESM_AGM 3 45740 48 34600 15480799 200 150 3500 100 300
att48 TSESM_AGM 4 45740 48 34633 15447922 200 150 3500 100 300
att48 TSESM_AGM 5 45740 48 35110 10597219 200 150 3500 100 300
att48 TSESM_AGM 6 45740 48 35623 10493397 200 150 3500 100 300
att48 TSESM_AGM 7 45740 48 34961 12735436 200 150 3500 100 300
att48 TSESM_AGM 8 45740 48 34516 10118938 200 150 3500 100 300
att48 TSESM_AGM 9 45740 48 35000 14181323 200 150 3500 100 300
att48 TSESM_AGM 10 45740 48 35113 10231242 200 150 3500 100 300
att48 TSESM_AGM 11 45740 48 35305 14261548 200 150 3500 100 300
att48 TSESM_AGM 12 45740 48 35314 7837328 200 150 3500 100 300
att48 TSESM_AGM 13 45740 48 34490 12911698 200 150 3500 100 300
att48 TSESM_AGM 14 45740 48 35219 7854244 200 150 3500 100 300
att48 TSESM_AGM 15 45740 48 34444 8526154 200 150 3500 100 300
att48 TSESM_AGM 16 45740 48 34689 12198485 200 150 3500 100 300
att48 TSESM_AGM 17 45740 48 35979 7944258 200 150 3500 100 300
att48 TSESM_AGM 18 45740 48 34626 15570885 200 150 3500 100 300
att48 TSESM_AGM 19 45740 48 35111 12723496 200 150 3500 100 300
att48 TSESM_AGM 20 45740 48 34596 13787039 200 150 3500 100 300
att48 TSESM_AGM 21 45740 48 35869 10593635 200 150 3500 100 300
att48 TSESM_AGM 22 45740 48 34440 9564921 200 150 3500 100 300
att48 TSESM_AGM 23 45740 48 34366 12331978 200 150 3500 100 300
att48 TSESM_AGM 24 45740 48 34667 7831730 200 150 3500 100 300
att48 TSESM_AGM 25 45740 48 34354 15869592 200 150 3500 100 300
att48 TSESM_AGM 26 45740 48 35401 10693358 200 150 3500 100 300
att48 TSESM_AGM 27 45740 48 36245 7946256 200 150 3500 100 300
att48 TSESM_AGM 28 45740 48 36497 7383070 200 150 3500 100 300
att48 TSESM_AGM 29 45740 48 33950 7070380 200 150 3500 100 300
att48 TSESM_AGM 30 45740 48 34077 7438045 200 150 3500 100 300
att48 TSESM_SE 1 40138 48 34853 11547022 200 150 3500 100 300
att48 TSESM_SE 2 40138 48 35376 6765018 200 150 3500 100 300
att48 TSESM_SE 3 40138 48 34869 11337998 200 150 3500 100 300
att48 TSESM_SE 4 40138 48 36029 7466567 200 150 3500 100 300
att48 TSESM_SE 5 40138 48 35638 15138913 200 150 3500 100 300
att48 TSESM_SE 6 40138 48 34867 11304363 200 150 3500 100 300
att48 TSESM_SE 7 40138 48 35538 8407014 200 150 3500 100 300
att48 TSESM_SE 8 40138 48 34671 15646500 200 150 3500 100 300
att48 TSESM_SE 9 40138 48 35810 10521841 200 150 3500 100 300
att48 TSESM_SE 10 40138 48 34917 14571071 200 150 3500 100 300
att48 TSESM_SE 11 40138 48 36285 9848125 200 150 3500 100 300
att48 TSESM_SE 12 40138 48 35521 16096706 200 150 3500 100 300
att48 TSESM_SE 13 40138 48 35909 7147646 200 150 3500 100 300
att48 TSESM_SE 14 40138 48 35277 11836924 200 150 3500 100 300
att48 TSESM_SE 15 40138 48 35602 7120545 200 150 3500 100 300
att48 TSESM_SE 16 40138 48 34924 16160114 200 150 3500 100 300
att48 TSESM_SE 17 40138 48 35167 9521290 200 150 3500 100 300
att48 TSESM_SE 18 40138 48 36083 10442886 200 150 3500 100 300
att48 TSESM_SE 19 40138 48 35051 14155029 200 150 3500 100 300
att48 TSESM_SE 20 40138 48 35107 13443121 200 150 3500 100 300
att48 TSESM_SE 21 40138 48 36720 9186974 200 150 3500 100 300
att48 TSESM_SE 22 40138 48 35232 7439625 200 150 3500 100 300
att48 TSESM_SE 23 40138 48 35523 10510957 200 150 3500 100 300
att48 TSESM_SE 24 40138 48 35377 9395738 200 150 3500 100 300
att48 TSESM_SE 25 40138 48 35948 13127644 200 150 3500 100 300
att48 TSESM_SE 26 40138 48 35316 10632737 200 150 3500 100 300
att48 TSESM_SE 27 40138 48 35909 8700034 200 150 3500 100 300
att48 TSESM_SE 28 40138 48 34688 12334941 200 150 3500 100 300
att48 TSESM_SE 29 40138 48 34985 9558243 200 150 3500 100 300
att48 TSESM_SE 30 40138 48 34869 12820726 200 150 3500 100 300
att48 TSESM_NN 1 40503 48 34804 7540838 200 150 3500 100 300
att48 TSESM_NN 2 40503 48 35693 6829338 200 150 3500 100 300
att48 TSESM_NN 3 40503 48 34986 16223675 200 150 3500 100 300
att48 TSESM_NN 4 40503 48 35523 14318039 200 150 3500 100 300
att48 TSESM_NN 5 40503 48 34607 13214189 200 150 3500 100 300
att48 TSESM_NN 6 40503 48 34859 13010355 200 150 3500 100 300
att48 TSESM_NN 7 40503 48 34883 8464290 200 150 3500 100 300
att48 TSESM_NN 8 40503 48 34644 10282248 200 150 3500 100 300
att48 TSESM_NN 9 40503 48 34975 11360393 200 150 3500 100 300
att48 TSESM_NN 10 40503 48 35523 8596549 200 150 3500 100 300
att48 TSESM_NN 11 40503 48 35708 11525682 200 150 3500 100 300
att48 TSESM_NN 12 40503 48 34306 15727883 200 150 3500 100 300
att48 TSESM_NN 13 40503 48 34250 8381208 200 150 3500 100 300
att48 TSESM_NN 14 40503 48 35198 12466220 200 150 3500 100 300
att48 TSESM_NN 15 40503 48 34853 12324636 200 150 3500 100 300
att48 TSESM_NN 16 40503 48 34481 13361121 200 150 3500 100 300
att48 TSESM_NN 17 40503 48 34769 9707941 200 150 3500 100 300
att48 TSESM_NN 18 40503 48 34589 10216638 200 150 3500 100 300
att48 TSESM_NN 19 40503 48 34797 6273281 200 150 3500 100 300
att48 TSESM_NN 20 40503 48 34954 13242770 200 150 3500 100 300
att48 TSESM_NN 21 40503 48 34381 11305199 200 150 3500 100 300
att48 TSESM_NN 22 40503 48 34465 11870566 200 150 3500 100 300
att48 TSESM_NN 23 40503 48 34407 10342498 200 150 3500 100 300
att48 TSESM_NN 24 40503 48 34937 15920865 200 150 3500 100 300
att48 TSESM_NN 25 40503 48 33731 6534207 200 150 3500 100 300
att48 TSESM_NN 26 40503 48 34733 14297100 200 150 3500 100 300
att48 TSESM_NN 27 40503 48 35063 14310866 200 150 3500 100 300
att48 TSESM_NN 28 40503 48 35280 10414324 200 150 3500 100 300
att48 TSESM_NN 29 40503 48 33937 10832150 200 150 3500 100 300
att48 TSESM_NN 30 40503 48 35756 8878371 200 150 3500 100 300
att48 TSWSM_AGM 1 45740 48 33855 14536664 200 150 3500 100 300
att48 TSWSM_AGM 2 45740 48 35836 8858808 200 150 3500 100 300
att48 TSWSM_AGM 3 45740 48 34279 11075056 200 150 3500 100 300
att48 TSWSM_AGM 4 45740 48 36001 14250300 200 150 3500 100 300
att48 TSWSM_AGM 5 45740 48 35799 11285134 200 150 3500 100 300
att48 TSWSM_AGM 6 45740 48 33909 15752858 200 150 3500 100 300
att48 TSWSM_AGM 7 45740 48 34507 12644712 200 150 3500 100 300
att48 TSWSM_AGM 8 45740 48 35551 11540765 200 150 3500 100 300
att48 TSWSM_AGM 9 45740 48 34600 9909727 200 150 3500 100 300
att48 TSWSM_AGM 10 45740 48 34944 12695432 200 150 3500 100 300
att48 TSWSM_AGM 11 45740 48 34919 11497830 200 150 3500 100 300
att48 TSWSM_AGM 12 45740 48 35607 11729639 200 150 3500 100 300
att48 TSWSM_AGM 13 45740 48 34383 11977487 200 150 3500 100 300
att48 TSWSM_AGM 14 45740 48 35413 9398542 200 150 3500 100 300
att48 TSWSM_AGM 15 45740 48 34077 15838130 200 150 3500 100 300
att48 TSWSM_AGM 16 45740 48 35647 12552342 200 150 3500 100 300
att48 TSWSM_AGM 17 45740 48 34899 15766508 200 150 3500 100 300
att48 TSWSM_AGM 18 45740 48 35586 12303549 200 150 3500 100 300
att48 TSWSM_AGM 19 45740 48 34983 15686002 200 150 3500 100 300
att48 TSWSM_AGM 20 45740 48 35617 13206280 200 150 3500 100 300
att48 TSWSM_AGM 21 45740 48 35240 16000120 200 150 3500 100 300
att48 TSWSM_AGM 22 45740 48 34876 11832391 200 150 3500 100 300
att48 TSWSM_AGM 23 45740 48 34959 8860291 200 150 3500 100 300
att48 TSWSM_AGM 24 45740 48 35322 8835375 200 150 3500 100 300
att48 TSWSM_AGM 25 45740 48 35218 12183248 200 150 3500 100 300
att48 TSWSM_AGM 26 45740 48 35983 16010327 200 150 3500 100 300
att48 TSWSM_AGM 27 45740 48 35260 12120443 200 150 3500 100 300
att48 TSWSM_AGM 28 45740 48 35353 16235718 200 150 3500 100 300
att48 TSWSM_AGM 29 45740 48 37006 7501078 200 150 3500 100 300
att48 TSWSM_AGM 30 45740 48 34346 15678298 200 150 3500 100 300
att48 TSWSM_SE 1 40138 48 35514 10589368 200 150 3500 100 300
att48 TSWSM_SE 2 40138 48 35573 12281987 200 150 3500 100 300
att48 TSWSM_SE 3 40138 48 35051 10039628 200 150 3500 100 300
att48 TSWSM_SE 4 40138 48 35195 12901449 200 150 3500 100 300
att48 TSWSM_SE 5 40138 48 35596 10427265 200 150 3500 100 300
att48 TSWSM_SE 6 40138 48 35596 16287303 200 150 3500 100 300
att48 TSWSM_SE 7 40138 48 34656 16110189 200 150 3500 100 300
att48 TSWSM_SE 8 40138 48 36410 8945141 200 150 3500 100 300
att48 TSWSM_SE 9 40138 48 34924 15233749 200 150 3500 100 300
att48 TSWSM_SE 10 40138 48 35150 12632926 200 150 3500 100 300
att48 TSWSM_SE 11 40138 48 35232 15900238 200 150 3500 100 300
att48 TSWSM_SE 12 40138 48 36410 11201854 200 150 3500 100 300
att48 TSWSM_SE 13 40138 48 35475 14694470 200 150 3500 100 300
att48 TSWSM_SE 14 40138 48 35602 12536677 200 150 3500 100 300
att48 TSWSM_SE 15 40138 48 34824 14242813 200 150 3500 100 300
att48 TSWSM_SE 16 40138 48 36732 8621002 200 150 3500 100 300
att48 TSWSM_SE 17 40138 48 35484 15565578 200 150 3500 100 300
att48 TSWSM_SE 18 40138 48 35150 15597931 200 150 3500 100 300
att48 TSWSM_SE 19 40138 48 35068 15893196 200 150 3500 100 300
att48 TSWSM_SE 20 40138 48 34533 16090841 200 150 3500 100 300
att48 TSWSM_SE 21 40138 48 35195 11623428 200 150 3500 100 300
att48 TSWSM_SE 22 40138 48 35764 15530078 200 150 3500 100 300
att48 TSWSM_SE 23 40138 48 35693 8167499 200 150 3500 100 300
att48 TSWSM_SE 24 40138 48 35648 10110222 200 150 3500 100 300
att48 TSWSM_SE 25 40138 48 35458 9277766 200 150 3500 100 300
att48 TSWSM_SE 26 40138 48 35854 9002614 200 150 3500 100 300
att48 TSWSM_SE 27 40138 48 36128 12976693 200 150 3500 100 300
att48 TSWSM_SE 28 40138 48 36283 12209113 200 150 3500 100 300
att48 TSWSM_SE 29 40138 48 35458 10862235 200 150 3500 100 300
att48 TSWSM_SE 30 40138 48 36115 10798856 200 150 3500 100 300
att48 TSWSM_NN 1 40503 48 34754 10656977 200 150 3500 100 300
att48 TSWSM_NN 2 40503 48 34959 14063386 200 150 3500 100 300
att48 TSWSM_NN 3 40503 48 34401 7345112 200 150 3500 100 300
att48 TSWSM_NN 4 40503 48 35285 13915991 200 150 3500 100 300
att48 TSWSM_NN 5 40503 48 35051 11241839 200 150 3500 100 300
att48 TSWSM_NN 6 40503 48 35442 11763720 200 150 3500 100 300
att48 TSWSM_NN 7 40503 48 33870 16020246 200 150 3500 100 300
att48 TSWSM_NN 8 40503 48 35478 12201373 200 150 3500 100 300
att48 TSWSM_NN 9 40503 48 34206 12122221 200 150 3500 100 300
att48 TSWSM_NN 10 40503 48 34491 15931515 200 150 3500 100 300
att48 TSWSM_NN 11 40503 48 35418 12488036 200 150 3500 100 300
att48 TSWSM_NN 12 40503 48 35472 12773008 200 150 3500 100 300
att48 TSWSM_NN 13 40503 48 34367 13672570 200 150 3500 100 300
att48 TSWSM_NN 14 40503 48 33964 8123583 200 150 3500 100 300
att48 TSWSM_NN 15 40503 48 34858 11367440 200 150 3500 100 300
att48 TSWSM_NN 16 40503 48 35231 8272030 200 150 3500 100 300
att48 TSWSM_NN 17 40503 48 35001 11090929 200 150 3500 100 300
att48 TSWSM_NN 18 40503 48 34575 12215519 200 150 3500 100 300
att48 TSWSM_NN 19 40503 48 35286 9365112 200 150 3500 100 300
att48 TSWSM_NN 20 40503 48 35234 12874794 200 150 3500 100 300
att48 TSWSM_NN 21 40503 48 35670 9587783 200 150 3500 100 300
att48 TSWSM_NN 22 40503 48 34564 11214616 200 150 3500 100 300
att48 TSWSM_NN 23 40503 48 34507 8146894 200 150 3500 100 300
att48 TSWSM_NN 24 40503 48 34929 15627444 200 150 3500 100 300
att48 TSWSM_NN 25 40503 48 34470 14146504 200 150 3500 100 300
att48 TSWSM_NN 26 40503 48 34826 9526140 200 150 3500 100 300
att48 TSWSM_NN 27 40503 48 34381 14732759 200 150 3500 100 300
att48 TSWSM_NN 28 40503 48 35367 12357885 200 150 3500 100 300
att48 TSWSM_NN 29 40503 48 34662 10429654 200 150 3500 100 300
att48 TSWSM_NN 30 40503 48 34853 12249163 200 150 3500 100 300
