berlin52 TSESM_AGM 1 10713 52 8629 9704161 200 150 3500 100 300
berlin52 TSESM_AGM 2 10713 52 7839 17208786 200 150 3500 100 300
berlin52 TSESM_AGM 3 10713 52 7708 12731445 200 150 3500 100 300
berlin52 TSESM_AGM 4 10713 52 7989 15933015 200 150 3500 100 300
berlin52 TSESM_AGM 5 10713 52 8586 17456693 200 150 3500 100 300
berlin52 TSESM_AGM 6 10713 52 7676 18310123 200 150 3500 100 300
berlin52 TSESM_AGM 7 10713 52 8345 13950368 200 150 3500 100 300
berlin52 TSESM_AGM 8 10713 52 8377 14621153 200 150 3500 100 300
berlin52 TSESM_AGM 9 10713 52 7989 21623149 200 150 3500 100 300
berlin52 TSESM_AGM 10 10713 52 8032 10285572 200 150 3500 100 300
berlin52 TSESM_AGM 11 10713 52 7996 25736221 200 150 3500 100 300
berlin52 TSESM_AGM 12 10713 52 8509 14510226 200 150 3500 100 300
berlin52 TSESM_AGM 13 10713 52 8375 22006363 200 150 3500 100 300
berlin52 TSESM_AGM 14 10713 52 8347 25702761 200 150 3500 100 300
berlin52 TSESM_AGM 15 10713 52 8418 11877493 200 150 3500 100 300
berlin52 TSESM_AGM 16 10713 52 9069 14065599 200 150 3500 100 300
berlin52 TSESM_AGM 17 10713 52 8301 22593116 200 150 3500 100 300
berlin52 TSESM_AGM 18 10713 52 8806 13086929 200 150 3500 100 300
berlin52 TSESM_AGM 19 10713 52 8235 20191855 200 150 3500 100 300
berlin52 TSESM_AGM 20 10713 52 8042 17986681 200 150 3500 100 300
berlin52 TSESM_AGM 21 10713 52 7928 18496338 200 150 3500 100 300
berlin52 TSESM_AGM 22 10713 52 8202 14237912 200 150 3500 100 300
berlin52 TSESM_AGM 23 10713 52 8019 19593851 200 150 3500 100 300
berlin52 TSESM_AGM 24 10713 52 8098 24234406 200 150 3500 100 300
berlin52 TSESM_AGM 25 10713 52 8270 22680021 200 150 3500 100 300
berlin52 TSESM_AGM 26 10713 52 8263 16711031 200 150 3500 100 300
berlin52 TSESM_AGM 27 10713 52 7924 14540586 200 150 3500 100 300
berlin52 TSESM_AGM 28 10713 52 7843 25316615 200 150 3500 100 300
berlin52 TSESM_AGM 29 10713 52 8155 14267404 200 150 3500 100 300
berlin52 TSESM_AGM 30 10713 52 8472 18020548 200 150 3500 100 300
berlin52 TSESM_SE 1 9937 52 8347 12545839 200 150 3500 100 300
berlin52 TSESM_SE 2 9937 52 7672 16178972 200 150 3500 100 300
berlin52 TSESM_SE 3 9937 52 7981 17963252 200 150 3500 100 300
berlin52 TSESM_SE 4 9937 52 8406 14353872 200 150 3500 100 300
berlin52 TSESM_SE 5 9937 52 8609 15205242 200 150 3500 100 300
berlin52 TSESM_SE 6 9937 52 8089 25761518 200 150 3500 100 300
berlin52 TSESM_SE 7 9937 52 8319 22238543 200 150 3500 100 300
berlin52 TSESM_SE 8 9937 52 8070 13906826 200 150 3500 100 300
berlin52 TSESM_SE 9 9937 52 8715 12686679 200 150 3500 100 300
berlin52 TSESM_SE 10 9937 52 8414 19088038 200 150 3500 100 300
berlin52 TSESM_SE 11 9937 52 8340 20265970 200 150 3500 100 300
berlin52 TSESM_SE 12 9937 52 8019 21136171 200 150 3500 100 300
berlin52 TSESM_SE 13 9937 52 8681 13997702 200 150 3500 100 300
berlin52 TSESM_SE 14 9937 52 7578 20480555 200 150 3500 100 300
berlin52 TSESM_SE 15 9937 52 8535 16573717 200 150 3500 100 300
berlin52 TSESM_SE 16 9937 52 7955 22765639 200 150 3500 100 300
berlin52 TSESM_SE 17 9937 52 7867 22920782 200 150 3500 100 300
berlin52 TSESM_SE 18 9937 52 8532 15580799 200 150 3500 100 300
berlin52 TSESM_SE 19 9937 52 8340 14707054 200 150 3500 100 300
berlin52 TSESM_SE 20 9937 52 8012 15960298 200 150 3500 100 300
berlin52 TSESM_SE 21 9937 52 8051 23375081 200 150 3500 100 300
berlin52 TSESM_SE 22 9937 52 8419 18458658 200 150 3500 100 300
berlin52 TSESM_SE 23 9937 52 8348 13558390 200 150 3500 100 300
berlin52 TSESM_SE 24 9937 52 8354 13000605 200 150 3500 100 300
berlin52 TSESM_SE 25 9937 52 8254 20947321 200 150 3500 100 300
berlin52 TSESM_SE 26 9937 52 8547 14480742 200 150 3500 100 300
berlin52 TSESM_SE 27 9937 52 8072 19934714 200 150 3500 100 300
berlin52 TSESM_SE 28 9937 52 8208 25705799 200 150 3500 100 300
berlin52 TSESM_SE 29 9937 52 8642 15229892 200 150 3500 100 300
berlin52 TSESM_SE 30 9937 52 7958 25636171 200 150 3500 100 300
berlin52 TSESM_NN 1 8962 52 7909 22565591 200 150 3500 100 300
berlin52 TSESM_NN 2 8962 52 7964 16255609 200 150 3500 100 300
berlin52 TSESM_NN 3 8962 52 7799 12940781 200 150 3500 100 300
berlin52 TSESM_NN 4 8962 52 8113 19936173 200 150 3500 100 300
berlin52 TSESM_NN 5 8962 52 8106 16645682 200 150 3500 100 300
berlin52 TSESM_NN 6 8962 52 7875 18111066 200 150 3500 100 300
berlin52 TSESM_NN 7 8962 52 7995 16147453 200 150 3500 100 300
berlin52 TSESM_NN 8 8962 52 8000 14819779 200 150 3500 100 300
berlin52 TSESM_NN 9 8962 52 8164 12340494 200 150 3500 100 300
berlin52 TSESM_NN 10 8962 52 8092 17765104 200 150 3500 100 300
berlin52 TSESM_NN 11 8962 52 7984 15382477 200 150 3500 100 300
berlin52 TSESM_NN 12 8962 52 7954 11116424 200 150 3500 100 300
berlin52 TSESM_NN 13 8962 52 7975 19515852 200 150 3500 100 300
berlin52 TSESM_NN 14 8962 52 8241 12198370 200 150 3500 100 300
berlin52 TSESM_NN 15 8962 52 8092 14134870 200 150 3500 100 300
berlin52 TSESM_NN 16 8962 52 7963 13774071 200 150 3500 100 300
berlin52 TSESM_NN 17 8962 52 8041 15194584 200 150 3500 100 300
berlin52 TSESM_NN 18 8962 52 8296 13714431 200 150 3500 100 300
berlin52 TSESM_NN 19 8962 52 8183 15249561 200 150 3500 100 300
berlin52 TSESM_NN 20 8962 52 8014 18490231 200 150 3500 100 300
berlin52 TSESM_NN 21 8962 52 8041 11794552 200 150 3500 100 300
berlin52 TSESM_NN 22 8962 52 8092 19142884 200 150 3500 100 300
berlin52 TSESM_NN 23 8962 52 8248 17918631 200 150 3500 100 300
berlin52 TSESM_NN 24 8962 52 8042 15926270 200 150 3500 100 300
berlin52 TSESM_NN 25 8962 52 8007 17365345 200 150 3500 100 300
berlin52 TSESM_NN 26 8962 52 7954 13954705 200 150 3500 100 300
berlin52 TSESM_NN 27 8962 52 8088 17129819 200 150 3500 100 300
berlin52 TSESM_NN 28 8962 52 8180 16410493 200 150 3500 100 300
berlin52 TSESM_NN 29 8962 52 8095 15768321 200 150 3500 100 300
berlin52 TSESM_NN 30 8962 52 8041 12060511 200 150 3500 100 300
berlin52 TSWSM_AGM 1 10713 52 8077 25371339 200 150 3500 100 300
berlin52 TSWSM_AGM 2 10713 52 8048 21940554 200 150 3500 100 300
berlin52 TSWSM_AGM 3 10713 52 8812 19899402 200 150 3500 100 300
berlin52 TSWSM_AGM 4 10713 52 8082 25725364 200 150 3500 100 300
berlin52 TSWSM_AGM 5 10713 52 8051 25643287 200 150 3500 100 300
berlin52 TSWSM_AGM 6 10713 52 8252 25763019 200 150 3500 100 300
berlin52 TSWSM_AGM 7 10713 52 7953 21662949 200 150 3500 100 300
berlin52 TSWSM_AGM 8 10713 52 8607 22709999 200 150 3500 100 300
berlin52 TSWSM_AGM 9 10713 52 8237 21145279 200 150 3500 100 300
berlin52 TSWSM_AGM 10 10713 52 8348 25599963 200 150 3500 100 300
berlin52 TSWSM_AGM 11 10713 52 8409 25750691 200 150 3500 100 300
berlin52 TSWSM_AGM 12 10713 52 8163 25559490 200 150 3500 100 300
berlin52 TSWSM_AGM 13 10713 52 8448 23920258 200 150 3500 100 300
berlin52 TSWSM_AGM 14 10713 52 8152 25780897 200 150 3500 100 300
berlin52 TSWSM_AGM 15 10713 52 7950 15922263 200 150 3500 100 300
berlin52 TSWSM_AGM 16 10713 52 8167 25748029 200 150 3500 100 300
berlin52 TSWSM_AGM 17 10713 52 8136 19375279 200 150 3500 100 300
berlin52 TSWSM_AGM 18 10713 52 8456 19318887 200 150 3500 100 300
berlin52 TSWSM_AGM 19 10713 52 8353 25451062 200 150 3500 100 300
berlin52 TSWSM_AGM 20 10713 52 7798 25595153 200 150 3500 100 300
berlin52 TSWSM_AGM 21 10713 52 8051 25672438 200 150 3500 100 300
berlin52 TSWSM_AGM 22 10713 52 8160 17961975 200 150 3500 100 300
berlin52 TSWSM_AGM 23 10713 52 8272 25590149 200 150 3500 100 300
berlin52 TSWSM_AGM 24 10713 52 8270 15477235 200 150 3500 100 300
berlin52 TSWSM_AGM 25 10713 52 8286 18341059 200 150 3500 100 300
berlin52 TSWSM_AGM 26 10713 52 8391 18682812 200 150 3500 100 300
berlin52 TSWSM_AGM 27 10713 52 8508 18480124 200 150 3500 100 300
berlin52 TSWSM_AGM 28 10713 52 8194 18274772 200 150 3500 100 300
berlin52 TSWSM_AGM 29 10713 52 8489 18428014 200 150 3500 100 300
berlin52 TSWSM_AGM 30 10713 52 7835 18098386 200 150 3500 100 300
berlin52 TSWSM_SE 1 9937 52 8263 18192807 200 150 3500 100 300
berlin52 TSWSM_SE 2 9937 52 7781 18407442 200 150 3500 100 300
berlin52 TSWSM_SE 3 9937 52 7765 15684524 200 150 3500 100 300
berlin52 TSWSM_SE 4 9937 52 8191 15887665 200 150 3500 100 300
berlin52 TSWSM_SE 5 9937 52 8237 15641759 200 150 3500 100 300
berlin52 TSWSM_SE 6 9937 52 8423 13029161 200 150 3500 100 300
berlin52 TSWSM_SE 7 9937 52 8487 18170330 200 150 3500 100 300
berlin52 TSWSM_SE 8 9937 52 8386 12182750 200 150 3500 100 300
berlin52 TSWSM_SE 9 9937 52 8394 14011569 200 150 3500 100 300
berlin52 TSWSM_SE 10 9937 52 7830 18318138 200 150 3500 100 300
berlin52 TSWSM_SE 11 9937 52 8388 18093474 200 150 3500 100 300
berlin52 TSWSM_SE 12 9937 52 7925 18409885 200 150 3500 100 300
berlin52 TSWSM_SE 13 9937 52 8370 18101015 200 150 3500 100 300
berlin52 TSWSM_SE 14 9937 52 8639 15404832 200 150 3500 100 300
berlin52 TSWSM_SE 15 9937 52 8441 14374012 200 150 3500 100 300
berlin52 TSWSM_SE 16 9937 52 8290 15935410 200 150 3500 100 300
berlin52 TSWSM_SE 17 9937 52 7958 18183935 200 150 3500 100 300
berlin52 TSWSM_SE 18 9937 52 8347 12239666 200 150 3500 100 300
berlin52 TSWSM_SE 19 9937 52 8327 14996171 200 150 3500 100 300
berlin52 TSWSM_SE 20 9937 52 7973 16867693 200 150 3500 100 300
berlin52 TSWSM_SE 21 9937 52 7991 15458290 200 150 3500 100 300
berlin52 TSWSM_SE 22 9937 52 8141 13163111 200 150 3500 100 300
berlin52 TSWSM_SE 23 9937 52 8554 18160227 200 150 3500 100 300
berlin52 TSWSM_SE 24 9937 52 7772 17110582 200 150 3500 100 300
berlin52 TSWSM_SE 25 9937 52 8412 15998074 200 150 3500 100 300
berlin52 TSWSM_SE 26 9937 52 8501 18172098 200 150 3500 100 300
berlin52 TSWSM_SE 27 9937 52 8016 17835702 200 150 3500 100 300
berlin52 TSWSM_SE 28 9937 52 8230 18151731 200 150 3500 100 300
berlin52 TSWSM_SE 29 9937 52 7833 12391707 200 150 3500 100 300
berlin52 TSWSM_SE 30 9937 52 8221 18500572 200 150 3500 100 300
berlin52 TSWSM_NN 1 8962 52 8281 14733332 200 150 3500 100 300
berlin52 TSWSM_NN 2 8962 52 8041 16041693 200 150 3500 100 300
berlin52 TSWSM_NN 3 8962 52 7975 18293987 200 150 3500 100 300
berlin52 TSWSM_NN 4 8962 52 8067 18376879 200 150 3500 100 300
berlin52 TSWSM_NN 5 8962 52 8111 13314640 200 150 3500 100 300
berlin52 TSWSM_NN 6 8962 52 8111 12287209 200 150 3500 100 300
berlin52 TSWSM_NN 7 8962 52 8294 12328726 200 150 3500 100 300
berlin52 TSWSM_NN 8 8962 52 7953 15781570 200 150 3500 100 300
berlin52 TSWSM_NN 9 8962 52 7972 12485482 200 150 3500 100 300
berlin52 TSWSM_NN 10 8962 52 8165 17341415 200 150 3500 100 300
berlin52 TSWSM_NN 11 8962 52 8142 9919670 200 150 3500 100 300
berlin52 TSWSM_NN 12 8962 52 8142 11707796 200 150 3500 100 300
berlin52 TSWSM_NN 13 8962 52 8191 13771067 200 150 3500 100 300
berlin52 TSWSM_NN 14 8962 52 7781 17784605 200 150 3500 100 300
berlin52 TSWSM_NN 15 8962 52 8156 13818267 200 150 3500 100 300
berlin52 TSWSM_NN 16 8962 52 7972 18337294 200 150 3500 100 300
berlin52 TSWSM_NN 17 8962 52 8061 15832536 200 150 3500 100 300
berlin52 TSWSM_NN 18 8962 52 8217 12239856 200 150 3500 100 300
berlin52 TSWSM_NN 19 8962 52 8041 17601738 200 150 3500 100 300
berlin52 TSWSM_NN 20 8962 52 8109 12736019 200 150 3500 100 300
berlin52 TSWSM_NN 21 8962 52 7789 14209798 200 150 3500 100 300
berlin52 TSWSM_NN 22 8962 52 8050 18417293 200 150 3500 100 300
berlin52 TSWSM_NN 23 8962 52 8136 10390672 200 150 3500 100 300
berlin52 TSWSM_NN 24 8962 52 8089 11523372 200 150 3500 100 300
berlin52 TSWSM_NN 25 8962 52 7781 16911166 200 150 3500 100 300
berlin52 TSWSM_NN 26 8962 52 8006 15707676 200 150 3500 100 300
berlin52 TSWSM_NN 27 8962 52 8133 18434604 200 150 3500 100 300
berlin52 TSWSM_NN 28 8962 52 8130 11709975 200 150 3500 100 300
berlin52 TSWSM_NN 29 8962 52 8273 18084348 200 150 3500 100 300
berlin52 TSWSM_NN 30 8962 52 8089 18706554 200 150 3500 100 300
