AGM 1 4 95 38
SE 1 4 95 14
NN 1 4 95 10
AGM 1 6 16 40
SE 1 6 15 12
NN 1 6 14 17
AGM 1 48 45740 842
SE 1 48 40138 280
NN 1 48 40503 447
AGM 1 52 10713 1326
SE 1 52 9937 324
NN 1 52 8962 534
AGM 1 96 665 2977
SE 1 96 590 1009
NN 1 96 661 2489
AGM 1 101 849 3277
SE 1 101 760 1134
NN 1 101 810 1979
AGM 1 152 90329 7608
SE 1 152 84643 2979
NN 1 152 85640 7697
AGM 1 280 3682 26141
SE 1 280 3177 9901
NN 1 280 3425 20300
AGM 1 400 21319 53839
SE 1 400 17791 21826
NN 1 400 19355 33562
AGM 1 439 149176 66630
SE 1 439 128690 31725
NN 1 439 129916 38672
AGM 1 10 166 67
SE 1 10 169 19
NN 1 10 168 31
AGM 1 100 3174 3451
SE 1 100 3328 1236
NN 1 100 3411 1929
AGM 1 200 9189 13297
SE 1 200 8830 6989
NN 1 200 9401 7815
AGM 1 300 16740 32856
SE 1 300 15675 12129
NN 1 300 16930 19489
AGM 1 350 20431 41908
SE 1 350 19088 17821
NN 1 350 20523 36302
