gr96 TSESM_AGM 1 665 96 577 34048203 200 150 3500 100 300
gr96 TSESM_AGM 2 665 96 547 66402529 200 150 3500 100 300
gr96 TSESM_AGM 3 665 96 562 58003309 200 150 3500 100 300
gr96 TSESM_AGM 4 665 96 537 85219128 200 150 3500 100 300
gr96 TSESM_AGM 5 665 96 540 64452364 200 150 3500 100 300
gr96 TSESM_AGM 6 665 96 511 71789289 200 150 3500 100 300
gr96 TSESM_AGM 7 665 96 548 48886621 200 150 3500 100 300
gr96 TSESM_AGM 8 665 96 537 58715250 200 150 3500 100 300
gr96 TSESM_AGM 9 665 96 520 69322666 200 150 3500 100 300
gr96 TSESM_AGM 10 665 96 568 27253219 200 150 3500 100 300
gr96 TSESM_AGM 11 665 96 554 49709049 200 150 3500 100 300
gr96 TSESM_AGM 12 665 96 562 80209311 200 150 3500 100 300
gr96 TSESM_AGM 13 665 96 555 92127992 200 150 3500 100 300
gr96 TSESM_AGM 14 665 96 554 86704658 200 150 3500 100 300
gr96 TSESM_AGM 15 665 96 526 96344828 200 150 3500 100 300
gr96 TSESM_AGM 16 665 96 531 64374937 200 150 3500 100 300
gr96 TSESM_AGM 17 665 96 516 74377526 200 150 3500 100 300
gr96 TSESM_AGM 18 665 96 510 75756773 200 150 3500 100 300
gr96 TSESM_AGM 19 665 96 552 80126962 200 150 3500 100 300
gr96 TSESM_AGM 20 665 96 546 65291278 200 150 3500 100 300
gr96 TSESM_AGM 21 665 96 545 86117142 200 150 3500 100 300
gr96 TSESM_AGM 22 665 96 549 85333612 200 150 3500 100 300
gr96 TSESM_AGM 23 665 96 553 39976199 200 150 3500 100 300
gr96 TSESM_AGM 24 665 96 579 29032745 200 150 3500 100 300
gr96 TSESM_AGM 25 665 96 598 41975024 200 150 3500 100 300
gr96 TSESM_AGM 26 665 96 533 42585093 200 150 3500 100 300
gr96 TSESM_AGM 27 665 96 550 50641078 200 150 3500 100 300
gr96 TSESM_AGM 28 665 96 513 55447425 200 150 3500 100 300
gr96 TSESM_AGM 29 665 96 563 45066048 200 150 3500 100 300
gr96 TSESM_AGM 30 665 96 529 61756310 200 150 3500 100 300
gr96 TSESM_SE 1 590 96 533 39312897 200 150 3500 100 300
gr96 TSESM_SE 2 541 96 518 22605653 200 150 3500 100 300
gr96 TSESM_SE 3 547 96 491 49556738 200 150 3500 100 300
gr96 TSESM_SE 4 541 96 522 26093701 200 150 3500 100 300
gr96 TSESM_SE 5 550 96 528 28849815 200 150 3500 100 300
gr96 TSESM_SE 6 595 96 515 54007688 200 150 3500 100 300
gr96 TSESM_SE 7 590 96 532 21661863 200 150 3500 100 300
gr96 TSESM_SE 8 549 96 509 23805846 200 150 3500 100 300
gr96 TSESM_SE 9 542 96 492 21803969 200 150 3500 100 300
gr96 TSESM_SE 10 549 96 503 56798813 200 150 3500 100 300
gr96 TSESM_SE 11 533 96 496 17017649 200 150 3500 100 300
gr96 TSESM_SE 12 600 96 529 41491441 200 150 3500 100 300
gr96 TSESM_SE 13 548 96 517 37585800 200 150 3500 100 300
gr96 TSESM_SE 14 542 96 505 28418028 200 150 3500 100 300
gr96 TSESM_SE 15 548 96 518 13362702 200 150 3500 100 300
gr96 TSESM_SE 16 549 96 496 42234475 200 150 3500 100 300
gr96 TSESM_SE 17 593 96 496 39499383 200 150 3500 100 300
gr96 TSESM_SE 18 548 96 510 39411940 200 150 3500 100 300
gr96 TSESM_SE 19 593 96 540 34512874 200 150 3500 100 300
gr96 TSESM_SE 20 528 96 492 37577100 200 150 3500 100 300
gr96 TSESM_SE 21 590 96 515 36608670 200 150 3500 100 300
gr96 TSESM_SE 22 527 96 492 32353504 200 150 3500 100 300
gr96 TSESM_SE 23 592 96 525 29830540 200 150 3500 100 300
gr96 TSESM_SE 24 594 96 515 42027764 200 150 3500 100 300
gr96 TSESM_SE 25 591 96 543 42658167 200 150 3500 100 300
gr96 TSESM_SE 26 545 96 518 15615190 200 150 3500 100 300
gr96 TSESM_SE 27 594 96 526 57805952 200 150 3500 100 300
gr96 TSESM_SE 28 550 96 502 31172417 200 150 3500 100 300
gr96 TSESM_SE 29 597 96 570 22627018 200 150 3500 100 300
gr96 TSESM_SE 30 534 96 489 32950064 200 150 3500 100 300
gr96 TSESM_NN 1 661 96 538 45116657 200 150 3500 100 300
gr96 TSESM_NN 2 661 96 554 24660423 200 150 3500 100 300
gr96 TSESM_NN 3 661 96 521 56857984 200 150 3500 100 300
gr96 TSESM_NN 4 661 96 567 44568186 200 150 3500 100 300
gr96 TSESM_NN 5 661 96 516 51413465 200 150 3500 100 300
gr96 TSESM_NN 6 661 96 525 63635187 200 150 3500 100 300
gr96 TSESM_NN 7 661 96 535 28661823 200 150 3500 100 300
gr96 TSESM_NN 8 661 96 510 35741951 200 150 3500 100 300
gr96 TSESM_NN 9 661 96 553 63517620 200 150 3500 100 300
gr96 TSESM_NN 10 661 96 544 28372810 200 150 3500 100 300
gr96 TSESM_NN 11 661 96 575 47644959 200 150 3500 100 300
gr96 TSESM_NN 12 661 96 513 63333054 200 150 3500 100 300
gr96 TSESM_NN 13 661 96 544 63763875 200 150 3500 100 300
gr96 TSESM_NN 14 661 96 512 57404356 200 150 3500 100 300
gr96 TSESM_NN 15 661 96 540 20129832 200 150 3500 100 300
gr96 TSESM_NN 16 661 96 517 38249035 200 150 3500 100 300
gr96 TSESM_NN 17 661 96 573 18257520 200 150 3500 100 300
gr96 TSESM_NN 18 661 96 530 50015328 200 150 3500 100 300
gr96 TSESM_NN 19 661 96 518 41333714 200 150 3500 100 300
gr96 TSESM_NN 20 661 96 517 57607466 200 150 3500 100 300
gr96 TSESM_NN 21 661 96 541 60613084 200 150 3500 100 300
gr96 TSESM_NN 22 661 96 527 59242366 200 150 3500 100 300
gr96 TSESM_NN 23 661 96 528 55905541 200 150 3500 100 300
gr96 TSESM_NN 24 661 96 510 50600089 200 150 3500 100 300
gr96 TSESM_NN 25 661 96 504 57375866 200 150 3500 100 300
gr96 TSESM_NN 26 661 96 562 63479207 200 150 3500 100 300
gr96 TSESM_NN 27 661 96 543 53424743 200 150 3500 100 300
gr96 TSESM_NN 28 661 96 572 36860696 200 150 3500 100 300
gr96 TSESM_NN 29 661 96 505 53737177 200 150 3500 100 300
gr96 TSESM_NN 30 661 96 511 61077762 200 150 3500 100 300
gr96 TSWSM_AGM 1 652 96 532 63333116 200 150 3500 100 300
gr96 TSWSM_AGM 2 652 96 521 63310496 200 150 3500 100 300
gr96 TSWSM_AGM 3 652 96 521 62896812 200 150 3500 100 300
gr96 TSWSM_AGM 4 652 96 535 62819247 200 150 3500 100 300
gr96 TSWSM_AGM 5 652 96 518 62961063 200 150 3500 100 300
gr96 TSWSM_AGM 6 652 96 536 62785596 200 150 3500 100 300
gr96 TSWSM_AGM 7 652 96 535 63193277 200 150 3500 100 300
gr96 TSWSM_AGM 8 652 96 560 63123397 200 150 3500 100 300
gr96 TSWSM_AGM 9 652 96 513 62876950 200 150 3500 100 300
gr96 TSWSM_AGM 10 652 96 523 63541725 200 150 3500 100 300
gr96 TSWSM_AGM 11 652 96 524 63374981 200 150 3500 100 300
gr96 TSWSM_AGM 12 652 96 547 62880872 200 150 3500 100 300
gr96 TSWSM_AGM 13 652 96 549 63423925 200 150 3500 100 300
gr96 TSWSM_AGM 14 652 96 526 63388701 200 150 3500 100 300
gr96 TSWSM_AGM 15 652 96 552 62722607 200 150 3500 100 300
gr96 TSWSM_AGM 16 652 96 539 62869257 200 150 3500 100 300
gr96 TSWSM_AGM 17 652 96 531 62808493 200 150 3500 100 300
gr96 TSWSM_AGM 18 652 96 548 63227157 200 150 3500 100 300
gr96 TSWSM_AGM 19 652 96 523 63781506 200 150 3500 100 300
gr96 TSWSM_AGM 20 652 96 541 63373111 200 150 3500 100 300
gr96 TSWSM_AGM 21 652 96 524 62998021 200 150 3500 100 300
gr96 TSWSM_AGM 22 652 96 529 63427879 200 150 3500 100 300
gr96 TSWSM_AGM 23 652 96 526 63199668 200 150 3500 100 300
gr96 TSWSM_AGM 24 652 96 560 63203754 200 150 3500 100 300
gr96 TSWSM_AGM 25 652 96 547 62742010 200 150 3500 100 300
gr96 TSWSM_AGM 26 652 96 515 63283216 200 150 3500 100 300
gr96 TSWSM_AGM 27 652 96 533 63180574 200 150 3500 100 300
gr96 TSWSM_AGM 28 652 96 531 63166950 200 150 3500 100 300
gr96 TSWSM_AGM 29 652 96 540 63643155 200 150 3500 100 300
gr96 TSWSM_AGM 30 652 96 542 62809102 200 150 3500 100 300
gr96 TSWSM_SE 1 544 96 505 62438721 200 150 3500 100 300
gr96 TSWSM_SE 2 524 96 478 62873228 200 150 3500 100 300
gr96 TSWSM_SE 3 536 96 496 63699938 200 150 3500 100 300
gr96 TSWSM_SE 4 533 96 499 63030856 200 150 3500 100 300
gr96 TSWSM_SE 5 539 96 484 62768288 200 150 3500 100 300
gr96 TSWSM_SE 6 536 96 494 62658630 200 150 3500 100 300
gr96 TSWSM_SE 7 535 96 491 62640069 200 150 3500 100 300
gr96 TSWSM_SE 8 534 96 484 62862017 200 150 3500 100 300
gr96 TSWSM_SE 9 589 96 502 63381533 200 150 3500 100 300
gr96 TSWSM_SE 10 532 96 482 62487582 200 150 3500 100 300
gr96 TSWSM_SE 11 548 96 492 62516275 200 150 3500 100 300
gr96 TSWSM_SE 12 601 96 510 63424367 200 150 3500 100 300
gr96 TSWSM_SE 13 591 96 520 62631587 200 150 3500 100 300
gr96 TSWSM_SE 14 537 96 484 62582297 200 150 3500 100 300
gr96 TSWSM_SE 15 590 96 520 62512547 200 150 3500 100 300
gr96 TSWSM_SE 16 535 96 502 62767190 200 150 3500 100 300
gr96 TSWSM_SE 17 593 96 507 62527002 200 150 3500 100 300
gr96 TSWSM_SE 18 536 96 485 62747459 200 150 3500 100 300
gr96 TSWSM_SE 19 594 96 526 63282556 200 150 3500 100 300
gr96 TSWSM_SE 20 547 96 507 63026421 200 150 3500 100 300
gr96 TSWSM_SE 21 542 96 498 62830110 200 150 3500 100 300
gr96 TSWSM_SE 22 538 96 499 63044227 200 150 3500 100 300
gr96 TSWSM_SE 23 549 96 493 62734392 200 150 3500 100 300
gr96 TSWSM_SE 24 542 96 483 62550903 200 150 3500 100 300
gr96 TSWSM_SE 25 548 96 502 62684429 200 150 3500 100 300
gr96 TSWSM_SE 26 542 96 506 63322203 200 150 3500 100 300
gr96 TSWSM_SE 27 591 96 492 63326088 200 150 3500 100 300
gr96 TSWSM_SE 28 540 96 506 62770810 200 150 3500 100 300
gr96 TSWSM_SE 29 546 96 498 62447509 200 150 3500 100 300
gr96 TSWSM_SE 30 596 96 497 62958719 200 150 3500 100 300
gr96 TSWSM_NN 1 661 96 531 62846071 200 150 3500 100 300
gr96 TSWSM_NN 2 661 96 541 62852067 200 150 3500 100 300
gr96 TSWSM_NN 3 661 96 514 63382178 200 150 3500 100 300
gr96 TSWSM_NN 4 661 96 521 63739594 200 150 3500 100 300
gr96 TSWSM_NN 5 661 96 510 63172321 200 150 3500 100 300
gr96 TSWSM_NN 6 661 96 541 63669094 200 150 3500 100 300
gr96 TSWSM_NN 7 661 96 505 63001309 200 150 3500 100 300
gr96 TSWSM_NN 8 661 96 533 62889745 200 150 3500 100 300
gr96 TSWSM_NN 9 661 96 509 63017080 200 150 3500 100 300
gr96 TSWSM_NN 10 661 96 519 62870192 200 150 3500 100 300
gr96 TSWSM_NN 11 661 96 531 63267453 200 150 3500 100 300
gr96 TSWSM_NN 12 661 96 538 62830613 200 150 3500 100 300
gr96 TSWSM_NN 13 661 96 525 63655469 200 150 3500 100 300
gr96 TSWSM_NN 14 661 96 522 63253721 200 150 3500 100 300
gr96 TSWSM_NN 15 661 96 516 63620544 200 150 3500 100 300
gr96 TSWSM_NN 16 661 96 528 62849736 200 150 3500 100 300
gr96 TSWSM_NN 17 661 96 508 63097554 200 150 3500 100 300
gr96 TSWSM_NN 18 661 96 506 63122848 200 150 3500 100 300
gr96 TSWSM_NN 19 661 96 501 62932625 200 150 3500 100 300
gr96 TSWSM_NN 20 661 96 495 62891357 200 150 3500 100 300
gr96 TSWSM_NN 21 661 96 538 62952815 200 150 3500 100 300
gr96 TSWSM_NN 22 661 96 500 62938739 200 150 3500 100 300
gr96 TSWSM_NN 23 661 96 506 62829096 200 150 3500 100 300
gr96 TSWSM_NN 24 661 96 504 62878216 200 150 3500 100 300
gr96 TSWSM_NN 25 661 96 510 62627933 200 150 3500 100 300
gr96 TSWSM_NN 26 661 96 515 62972370 200 150 3500 100 300
gr96 TSWSM_NN 27 661 96 524 63132965 200 150 3500 100 300
gr96 TSWSM_NN 28 661 96 501 63005092 200 150 3500 100 300
gr96 TSWSM_NN 29 661 96 510 62866216 200 150 3500 100 300
gr96 TSWSM_NN 30 661 96 530 62939228 200 150 3500 100 300
gr96 TSESM_AGM 1 665 96 537 61240876 300 150 3500 100 300
gr96 TSESM_AGM 2 665 96 567 54113166 300 150 3500 100 300
gr96 TSESM_AGM 3 665 96 544 54231457 300 150 3500 100 300
gr96 TSESM_AGM 4 665 96 539 62735566 300 150 3500 100 300
gr96 TSESM_AGM 5 665 96 558 61839821 300 150 3500 100 300
gr96 TSESM_AGM 6 665 96 572 51593146 300 150 3500 100 300
gr96 TSESM_AGM 7 665 96 533 52093738 300 150 3500 100 300
gr96 TSESM_AGM 8 665 96 554 48445991 300 150 3500 100 300
gr96 TSESM_AGM 9 665 96 553 53619543 300 150 3500 100 300
gr96 TSESM_AGM 10 665 96 547 88779423 300 150 3500 100 300
gr96 TSESM_AGM 11 665 96 545 39513460 300 150 3500 100 300
gr96 TSESM_AGM 12 665 96 558 51326876 300 150 3500 100 300
gr96 TSESM_AGM 13 665 96 564 43937991 300 150 3500 100 300
gr96 TSESM_AGM 14 665 96 547 49904137 300 150 3500 100 300
gr96 TSESM_AGM 15 665 96 542 89023824 300 150 3500 100 300
gr96 TSESM_AGM 16 665 96 514 88954295 300 150 3500 100 300
gr96 TSESM_AGM 17 665 96 530 79925036 300 150 3500 100 300
gr96 TSESM_AGM 18 665 96 555 56056940 300 150 3500 100 300
gr96 TSESM_AGM 19 665 96 568 61875707 300 150 3500 100 300
gr96 TSESM_AGM 20 665 96 549 88286704 300 150 3500 100 300
gr96 TSESM_AGM 21 665 96 524 89158928 300 150 3500 100 300
gr96 TSESM_AGM 22 665 96 526 89285708 300 150 3500 100 300
gr96 TSESM_AGM 23 665 96 524 89009702 300 150 3500 100 300
gr96 TSESM_AGM 24 665 96 586 60156441 300 150 3500 100 300
gr96 TSESM_AGM 25 665 96 553 61934192 300 150 3500 100 300
gr96 TSESM_AGM 26 665 96 517 70740491 300 150 3500 100 300
gr96 TSESM_AGM 27 665 96 532 89020435 300 150 3500 100 300
gr96 TSESM_AGM 28 665 96 530 78239875 300 150 3500 100 300
gr96 TSESM_AGM 29 665 96 557 41267097 300 150 3500 100 300
gr96 TSESM_AGM 30 665 96 514 88958244 300 150 3500 100 300
gr96 TSESM_SE 1 590 96 513 52138124 300 150 3500 100 300
gr96 TSESM_SE 2 541 96 510 33259056 300 150 3500 100 300
gr96 TSESM_SE 3 547 96 521 26686778 300 150 3500 100 300
gr96 TSESM_SE 4 541 96 493 25705950 300 150 3500 100 300
gr96 TSESM_SE 5 550 96 509 50876247 300 150 3500 100 300
gr96 TSESM_SE 6 595 96 543 35117126 300 150 3500 100 300
gr96 TSESM_SE 7 590 96 501 42936052 300 150 3500 100 300
gr96 TSESM_SE 8 549 96 529 28269975 300 150 3500 100 300
gr96 TSESM_SE 9 542 96 505 44890131 300 150 3500 100 300
gr96 TSESM_SE 10 549 96 535 25003721 300 150 3500 100 300
gr96 TSESM_SE 11 533 96 492 23880365 300 150 3500 100 300
gr96 TSESM_SE 12 600 96 516 56922919 300 150 3500 100 300
gr96 TSESM_SE 13 548 96 508 40518642 300 150 3500 100 300
gr96 TSESM_SE 14 542 96 479 59276564 300 150 3500 100 300
gr96 TSESM_SE 15 548 96 520 48594934 300 150 3500 100 300
gr96 TSESM_SE 16 549 96 501 54520317 300 150 3500 100 300
gr96 TSESM_SE 17 593 96 511 83459215 300 150 3500 100 300
gr96 TSESM_SE 18 548 96 505 24090432 300 150 3500 100 300
gr96 TSESM_SE 19 593 96 527 60263329 300 150 3500 100 300
gr96 TSESM_SE 20 528 96 513 14276685 300 150 3500 100 300
gr96 TSESM_SE 21 590 96 551 30505606 300 150 3500 100 300
gr96 TSESM_SE 22 527 96 483 65100150 300 150 3500 100 300
gr96 TSESM_SE 23 592 96 532 52657819 300 150 3500 100 300
gr96 TSESM_SE 24 594 96 530 25984442 300 150 3500 100 300
gr96 TSESM_SE 25 591 96 579 12762651 300 150 3500 100 300
gr96 TSESM_SE 26 545 96 505 31641047 300 150 3500 100 300
gr96 TSESM_SE 27 594 96 523 24605124 300 150 3500 100 300
gr96 TSESM_SE 28 550 96 506 24226145 300 150 3500 100 300
gr96 TSESM_SE 29 597 96 514 26414901 300 150 3500 100 300
gr96 TSESM_SE 30 534 96 507 30883295 300 150 3500 100 300
gr96 TSESM_NN 1 661 96 529 52004463 300 150 3500 100 300
gr96 TSESM_NN 2 661 96 524 41796027 300 150 3500 100 300
gr96 TSESM_NN 3 661 96 555 45334776 300 150 3500 100 300
gr96 TSESM_NN 4 661 96 524 63113575 300 150 3500 100 300
gr96 TSESM_NN 5 661 96 594 23752788 300 150 3500 100 300
gr96 TSESM_NN 6 661 96 550 58919843 300 150 3500 100 300
gr96 TSESM_NN 7 661 96 555 24516160 300 150 3500 100 300
gr96 TSESM_NN 8 661 96 552 63313366 300 150 3500 100 300
gr96 TSESM_NN 9 661 96 518 59447341 300 150 3500 100 300
gr96 TSESM_NN 10 661 96 571 38396687 300 150 3500 100 300
gr96 TSESM_NN 11 661 96 518 63779018 300 150 3500 100 300
gr96 TSESM_NN 12 661 96 581 32112608 300 150 3500 100 300
gr96 TSESM_NN 13 661 96 525 45769452 300 150 3500 100 300
gr96 TSESM_NN 14 661 96 541 48092108 300 150 3500 100 300
gr96 TSESM_NN 15 661 96 520 60618917 300 150 3500 100 300
gr96 TSESM_NN 16 661 96 592 42498829 300 150 3500 100 300
gr96 TSESM_NN 17 661 96 528 37439071 300 150 3500 100 300
gr96 TSESM_NN 18 661 96 523 42429623 300 150 3500 100 300
gr96 TSESM_NN 19 661 96 547 61906365 300 150 3500 100 300
gr96 TSESM_NN 20 661 96 558 39259086 300 150 3500 100 300
gr96 TSESM_NN 21 661 96 513 63638009 300 150 3500 100 300
gr96 TSESM_NN 22 661 96 568 40322175 300 150 3500 100 300
gr96 TSESM_NN 23 661 96 536 61017073 300 150 3500 100 300
gr96 TSESM_NN 24 661 96 578 23173880 300 150 3500 100 300
gr96 TSESM_NN 25 661 96 516 63532835 300 150 3500 100 300
gr96 TSESM_NN 26 661 96 522 39985250 300 150 3500 100 300
gr96 TSESM_NN 27 661 96 518 63340153 300 150 3500 100 300
gr96 TSESM_NN 28 661 96 488 63015120 300 150 3500 100 300
gr96 TSESM_NN 29 661 96 518 62144437 300 150 3500 100 300
gr96 TSESM_NN 30 661 96 529 63187517 300 150 3500 100 300
gr96 TSWSM_AGM 1 652 96 527 63461975 300 150 3500 100 300
gr96 TSWSM_AGM 2 652 96 545 63108958 300 150 3500 100 300
gr96 TSWSM_AGM 3 652 96 547 62789716 300 150 3500 100 300
gr96 TSWSM_AGM 4 652 96 533 62868953 300 150 3500 100 300
gr96 TSWSM_AGM 5 652 96 526 63078157 300 150 3500 100 300
gr96 TSWSM_AGM 6 652 96 533 63153654 300 150 3500 100 300
gr96 TSWSM_AGM 7 652 96 511 63018446 300 150 3500 100 300
gr96 TSWSM_AGM 8 652 96 524 63348380 300 150 3500 100 300
gr96 TSWSM_AGM 9 652 96 525 62986092 300 150 3500 100 300
gr96 TSWSM_AGM 10 652 96 522 63263130 300 150 3500 100 300
gr96 TSWSM_AGM 11 652 96 544 62841572 300 150 3500 100 300
gr96 TSWSM_AGM 12 652 96 530 63101729 300 150 3500 100 300
gr96 TSWSM_AGM 13 652 96 543 63268297 300 150 3500 100 300
gr96 TSWSM_AGM 14 652 96 546 63672950 300 150 3500 100 300
gr96 TSWSM_AGM 15 652 96 529 63247422 300 150 3500 100 300
gr96 TSWSM_AGM 16 652 96 520 63154938 300 150 3500 100 300
gr96 TSWSM_AGM 17 652 96 536 62976134 300 150 3500 100 300
gr96 TSWSM_AGM 18 652 96 543 63079203 300 150 3500 100 300
gr96 TSWSM_AGM 19 652 96 519 63118904 300 150 3500 100 300
gr96 TSWSM_AGM 20 652 96 531 62958631 300 150 3500 100 300
gr96 TSWSM_AGM 21 652 96 532 63024357 300 150 3500 100 300
gr96 TSWSM_AGM 22 652 96 513 63356421 300 150 3500 100 300
gr96 TSWSM_AGM 23 652 96 530 63036335 300 150 3500 100 300
gr96 TSWSM_AGM 24 652 96 524 63487678 300 150 3500 100 300
gr96 TSWSM_AGM 25 652 96 577 63021163 300 150 3500 100 300
gr96 TSWSM_AGM 26 652 96 516 63079262 300 150 3500 100 300
gr96 TSWSM_AGM 27 652 96 528 63593857 300 150 3500 100 300
gr96 TSWSM_AGM 28 652 96 519 62937820 300 150 3500 100 300
gr96 TSWSM_AGM 29 652 96 541 63459574 300 150 3500 100 300
gr96 TSWSM_AGM 30 652 96 537 63494607 300 150 3500 100 300
gr96 TSWSM_SE 1 544 96 488 62829424 300 150 3500 100 300
gr96 TSWSM_SE 2 524 96 484 62590184 300 150 3500 100 300
gr96 TSWSM_SE 3 536 96 489 62540801 300 150 3500 100 300
gr96 TSWSM_SE 4 533 96 484 62805811 300 150 3500 100 300
gr96 TSWSM_SE 5 539 96 492 62722356 300 150 3500 100 300
gr96 TSWSM_SE 6 536 96 480 63155440 300 150 3500 100 300
gr96 TSWSM_SE 7 535 96 493 62990105 300 150 3500 100 300
gr96 TSWSM_SE 8 534 96 483 63251749 300 150 3500 100 300
gr96 TSWSM_SE 9 589 96 515 62549649 300 150 3500 100 300
gr96 TSWSM_SE 10 532 96 486 62776033 300 150 3500 100 300
gr96 TSWSM_SE 11 548 96 495 62568650 300 150 3500 100 300
gr96 TSWSM_SE 12 601 96 510 62775007 300 150 3500 100 300
gr96 TSWSM_SE 13 591 96 515 63349846 300 150 3500 100 300
gr96 TSWSM_SE 14 537 96 484 62873026 300 150 3500 100 300
gr96 TSWSM_SE 15 590 96 513 62976540 300 150 3500 100 300
gr96 TSWSM_SE 16 535 96 493 62683400 300 150 3500 100 300
gr96 TSWSM_SE 17 593 96 494 62749106 300 150 3500 100 300
gr96 TSWSM_SE 18 536 96 482 63203418 300 150 3500 100 300
gr96 TSWSM_SE 19 594 96 521 62696874 300 150 3500 100 300
gr96 TSWSM_SE 20 547 96 490 62831430 300 150 3500 100 300
gr96 TSWSM_SE 21 542 96 495 62675292 300 150 3500 100 300
gr96 TSWSM_SE 22 538 96 499 63298457 300 150 3500 100 300
gr96 TSWSM_SE 23 549 96 488 63354505 300 150 3500 100 300
gr96 TSWSM_SE 24 542 96 487 62819633 300 150 3500 100 300
gr96 TSWSM_SE 25 548 96 502 62996310 300 150 3500 100 300
gr96 TSWSM_SE 26 542 96 492 62917383 300 150 3500 100 300
gr96 TSWSM_SE 27 591 96 512 63232160 300 150 3500 100 300
gr96 TSWSM_SE 28 540 96 506 63142454 300 150 3500 100 300
gr96 TSWSM_SE 29 546 96 512 63277706 300 150 3500 100 300
gr96 TSWSM_SE 30 596 96 531 63018324 300 150 3500 100 300
gr96 TSWSM_NN 1 661 96 491 63372534 300 150 3500 100 300
gr96 TSWSM_NN 2 661 96 530 63062160 300 150 3500 100 300
gr96 TSWSM_NN 3 661 96 535 63931024 300 150 3500 100 300
gr96 TSWSM_NN 4 661 96 507 63627073 300 150 3500 100 300
gr96 TSWSM_NN 5 661 96 522 64355288 300 150 3500 100 300
gr96 TSWSM_NN 6 661 96 527 63019048 300 150 3500 100 300
gr96 TSWSM_NN 7 661 96 519 63873788 300 150 3500 100 300
gr96 TSWSM_NN 8 661 96 533 63782567 300 150 3500 100 300
gr96 TSWSM_NN 9 661 96 493 63888615 300 150 3500 100 300
gr96 TSWSM_NN 10 661 96 541 63110125 300 150 3500 100 300
gr96 TSWSM_NN 11 661 96 520 63124121 300 150 3500 100 300
gr96 TSWSM_NN 12 661 96 511 62983677 300 150 3500 100 300
gr96 TSWSM_NN 13 661 96 535 63061987 300 150 3500 100 300
gr96 TSWSM_NN 14 661 96 520 63010398 300 150 3500 100 300
gr96 TSWSM_NN 15 661 96 527 63215059 300 150 3500 100 300
gr96 TSWSM_NN 16 661 96 523 63517560 300 150 3500 100 300
gr96 TSWSM_NN 17 661 96 538 63116127 300 150 3500 100 300
gr96 TSWSM_NN 18 661 96 519 62823074 300 150 3500 100 300
gr96 TSWSM_NN 19 661 96 541 62902855 300 150 3500 100 300
gr96 TSWSM_NN 20 661 96 527 62906390 300 150 3500 100 300
gr96 TSWSM_NN 21 661 96 501 63344008 300 150 3500 100 300
gr96 TSWSM_NN 22 661 96 513 63471799 300 150 3500 100 300
gr96 TSWSM_NN 23 661 96 496 63427464 300 150 3500 100 300
gr96 TSWSM_NN 24 661 96 511 62884212 300 150 3500 100 300
gr96 TSWSM_NN 25 661 96 515 63438286 300 150 3500 100 300
gr96 TSWSM_NN 26 661 96 558 62711412 300 150 3500 100 300
gr96 TSWSM_NN 27 661 96 515 63251768 300 150 3500 100 300
gr96 TSWSM_NN 28 661 96 506 63398236 300 150 3500 100 300
gr96 TSWSM_NN 29 661 96 525 63219466 300 150 3500 100 300
gr96 TSWSM_NN 30 661 96 531 63419794 300 150 3500 100 300
