eil101 TSESM_AGM 1 849 101 707 76531309 200 150 3500 100 300
eil101 TSESM_AGM 2 849 101 717 81632333 200 150 3500 100 300
eil101 TSESM_AGM 3 849 101 675 108972698 200 150 3500 100 300
eil101 TSESM_AGM 4 849 101 730 50059266 200 150 3500 100 300
eil101 TSESM_AGM 5 849 101 688 79353049 200 150 3500 100 300
eil101 TSESM_AGM 6 849 101 685 57564715 200 150 3500 100 300
eil101 TSESM_AGM 7 849 101 685 77310364 200 150 3500 100 300
eil101 TSESM_AGM 8 849 101 689 80492689 200 150 3500 100 300
eil101 TSESM_AGM 9 849 101 698 101267122 200 150 3500 100 300
eil101 TSESM_AGM 10 849 101 683 111289655 200 150 3500 100 300
eil101 TSESM_AGM 11 849 101 691 105240804 200 150 3500 100 300
eil101 TSESM_AGM 12 849 101 680 112157365 200 150 3500 100 300
eil101 TSESM_AGM 13 849 101 689 86191537 200 150 3500 100 300
eil101 TSESM_AGM 14 849 101 708 57274930 200 150 3500 100 300
eil101 TSESM_AGM 15 849 101 690 77499545 200 150 3500 100 300
eil101 TSESM_AGM 16 849 101 681 86126411 200 150 3500 100 300
eil101 TSESM_AGM 17 849 101 677 83878408 200 150 3500 100 300
eil101 TSESM_AGM 18 849 101 714 67610571 200 150 3500 100 300
eil101 TSESM_AGM 19 849 101 743 65388299 200 150 3500 100 300
eil101 TSESM_AGM 20 849 101 684 79581368 200 150 3500 100 300
eil101 TSESM_AGM 21 849 101 715 70486293 200 150 3500 100 300
eil101 TSESM_AGM 22 849 101 702 98149983 200 150 3500 100 300
eil101 TSESM_AGM 23 849 101 692 85473423 200 150 3500 100 300
eil101 TSESM_AGM 24 849 101 681 98705347 200 150 3500 100 300
eil101 TSESM_AGM 25 849 101 703 75810139 200 150 3500 100 300
eil101 TSESM_AGM 26 849 101 686 95040863 200 150 3500 100 300
eil101 TSESM_AGM 27 849 101 725 76087450 200 150 3500 100 300
eil101 TSESM_AGM 28 849 101 685 97499049 200 150 3500 100 300
eil101 TSESM_AGM 29 849 101 713 72728521 200 150 3500 100 300
eil101 TSESM_AGM 30 849 101 748 59060918 200 150 3500 100 300
eil101 TSESM_SE 1 760 101 658 66816356 200 150 3500 100 300
eil101 TSESM_SE 2 757 101 650 65649074 200 150 3500 100 300
eil101 TSESM_SE 3 739 101 691 65448924 200 150 3500 100 300
eil101 TSESM_SE 4 744 101 679 65625441 200 150 3500 100 300
eil101 TSESM_SE 5 734 101 668 66810644 200 150 3500 100 300
eil101 TSESM_SE 6 777 101 706 36359325 200 150 3500 100 300
eil101 TSESM_SE 7 769 101 700 73818050 200 150 3500 100 300
eil101 TSESM_SE 8 742 101 677 72659149 200 150 3500 100 300
eil101 TSESM_SE 9 737 101 672 50127687 200 150 3500 100 300
eil101 TSESM_SE 10 726 101 643 65459206 200 150 3500 100 300
eil101 TSESM_SE 11 754 101 666 70419383 200 150 3500 100 300
eil101 TSESM_SE 12 741 101 681 70010395 200 150 3500 100 300
eil101 TSESM_SE 13 790 101 675 61832270 200 150 3500 100 300
eil101 TSESM_SE 14 778 101 661 66450963 200 150 3500 100 300
eil101 TSESM_SE 15 784 101 664 69226059 200 150 3500 100 300
eil101 TSESM_SE 16 786 101 664 51270018 200 150 3500 100 300
eil101 TSESM_SE 17 795 101 678 69534251 200 150 3500 100 300
eil101 TSESM_SE 18 753 101 648 50171645 200 150 3500 100 300
eil101 TSESM_SE 19 744 101 695 25802500 200 150 3500 100 300
eil101 TSESM_SE 20 754 101 702 26378119 200 150 3500 100 300
eil101 TSESM_SE 21 827 101 676 61438709 200 150 3500 100 300
eil101 TSESM_SE 22 746 101 658 54591305 200 150 3500 100 300
eil101 TSESM_SE 23 764 101 666 69686636 200 150 3500 100 300
eil101 TSESM_SE 24 743 101 667 43819169 200 150 3500 100 300
eil101 TSESM_SE 25 771 101 678 62267940 200 150 3500 100 300
eil101 TSESM_SE 26 783 101 675 37830714 200 150 3500 100 300
eil101 TSESM_SE 27 740 101 646 50940306 200 150 3500 100 300
eil101 TSESM_SE 28 761 101 669 32098170 200 150 3500 100 300
eil101 TSESM_SE 29 815 101 724 31059006 200 150 3500 100 300
eil101 TSESM_SE 30 748 101 660 60251973 200 150 3500 100 300
eil101 TSESM_NN 1 810 101 753 28681779 200 150 3500 100 300
eil101 TSESM_NN 2 810 101 718 42770956 200 150 3500 100 300
eil101 TSESM_NN 3 810 101 716 59833995 200 150 3500 100 300
eil101 TSESM_NN 4 810 101 694 43416828 200 150 3500 100 300
eil101 TSESM_NN 5 810 101 692 69469342 200 150 3500 100 300
eil101 TSESM_NN 6 810 101 739 35375165 200 150 3500 100 300
eil101 TSESM_NN 7 810 101 703 44942953 200 150 3500 100 300
eil101 TSESM_NN 8 810 101 697 60612311 200 150 3500 100 300
eil101 TSESM_NN 9 810 101 697 48060776 200 150 3500 100 300
eil101 TSESM_NN 10 810 101 699 62022461 200 150 3500 100 300
eil101 TSESM_NN 11 810 101 718 69405664 200 150 3500 100 300
eil101 TSESM_NN 12 810 101 703 49146431 200 150 3500 100 300
eil101 TSESM_NN 13 810 101 673 50943534 200 150 3500 100 300
eil101 TSESM_NN 14 810 101 699 61977711 200 150 3500 100 300
eil101 TSESM_NN 15 810 101 727 40143361 200 150 3500 100 300
eil101 TSESM_NN 16 810 101 735 40478463 200 150 3500 100 300
eil101 TSESM_NN 17 810 101 691 64784941 200 150 3500 100 300
eil101 TSESM_NN 18 810 101 693 69671057 200 150 3500 100 300
eil101 TSESM_NN 19 810 101 702 69194418 200 150 3500 100 300
eil101 TSESM_NN 20 810 101 727 39228639 200 150 3500 100 300
eil101 TSESM_NN 21 810 101 684 44966642 200 150 3500 100 300
eil101 TSESM_NN 22 810 101 681 56316110 200 150 3500 100 300
eil101 TSESM_NN 23 810 101 705 49327224 200 150 3500 100 300
eil101 TSESM_NN 24 810 101 680 46584192 200 150 3500 100 300
eil101 TSESM_NN 25 810 101 672 68742434 200 150 3500 100 300
eil101 TSESM_NN 26 810 101 754 19575824 200 150 3500 100 300
eil101 TSESM_NN 27 810 101 678 69818624 200 150 3500 100 300
eil101 TSESM_NN 28 810 101 737 51434206 200 150 3500 100 300
eil101 TSESM_NN 29 810 101 690 69332390 200 150 3500 100 300
eil101 TSESM_NN 30 810 101 737 30714639 200 150 3500 100 300
eil101 TSWSM_AGM 1 837 101 693 69556928 200 150 3500 100 300
eil101 TSWSM_AGM 2 837 101 678 69636681 200 150 3500 100 300
eil101 TSWSM_AGM 3 837 101 669 69385656 200 150 3500 100 300
eil101 TSWSM_AGM 4 837 101 673 69583436 200 150 3500 100 300
eil101 TSWSM_AGM 5 837 101 684 69362923 200 150 3500 100 300
eil101 TSWSM_AGM 6 837 101 686 69285362 200 150 3500 100 300
eil101 TSWSM_AGM 7 837 101 676 69331272 200 150 3500 100 300
eil101 TSWSM_AGM 8 837 101 682 69321794 200 150 3500 100 300
eil101 TSWSM_AGM 9 837 101 662 69361567 200 150 3500 100 300
eil101 TSWSM_AGM 10 837 101 687 69315231 200 150 3500 100 300
eil101 TSWSM_AGM 11 837 101 679 69447031 200 150 3500 100 300
eil101 TSWSM_AGM 12 837 101 681 69629962 200 150 3500 100 300
eil101 TSWSM_AGM 13 837 101 681 69323110 200 150 3500 100 300
eil101 TSWSM_AGM 14 837 101 698 69473573 200 150 3500 100 300
eil101 TSWSM_AGM 15 837 101 673 69474009 200 150 3500 100 300
eil101 TSWSM_AGM 16 837 101 672 69869845 200 150 3500 100 300
eil101 TSWSM_AGM 17 837 101 698 69559365 200 150 3500 100 300
eil101 TSWSM_AGM 18 837 101 684 69207666 200 150 3500 100 300
eil101 TSWSM_AGM 19 837 101 684 69538307 200 150 3500 100 300
eil101 TSWSM_AGM 20 837 101 690 69532435 200 150 3500 100 300
eil101 TSWSM_AGM 21 837 101 685 69434021 200 150 3500 100 300
eil101 TSWSM_AGM 22 837 101 692 69565438 200 150 3500 100 300
eil101 TSWSM_AGM 23 837 101 708 69458106 200 150 3500 100 300
eil101 TSWSM_AGM 24 837 101 662 69665041 200 150 3500 100 300
eil101 TSWSM_AGM 25 837 101 687 69225993 200 150 3500 100 300
eil101 TSWSM_AGM 26 837 101 696 69692962 200 150 3500 100 300
eil101 TSWSM_AGM 27 837 101 696 69027397 200 150 3500 100 300
eil101 TSWSM_AGM 28 837 101 680 69498921 200 150 3500 100 300
eil101 TSWSM_AGM 29 837 101 688 69373496 200 150 3500 100 300
eil101 TSWSM_AGM 30 837 101 697 70166534 200 150 3500 100 300
eil101 TSWSM_SE 1 738 101 645 69420739 200 150 3500 100 300
eil101 TSWSM_SE 2 784 101 669 69773714 200 150 3500 100 300
eil101 TSWSM_SE 3 734 101 668 69658652 200 150 3500 100 300
eil101 TSWSM_SE 4 792 101 660 69889877 200 150 3500 100 300
eil101 TSWSM_SE 5 740 101 670 69010650 200 150 3500 100 300
eil101 TSWSM_SE 6 727 101 672 68948415 200 150 3500 100 300
eil101 TSWSM_SE 7 734 101 644 69128229 200 150 3500 100 300
eil101 TSWSM_SE 8 792 101 680 69415999 200 150 3500 100 300
eil101 TSWSM_SE 9 752 101 658 69198167 200 150 3500 100 300
eil101 TSWSM_SE 10 739 101 652 69256940 200 150 3500 100 300
eil101 TSWSM_SE 11 759 101 660 69162046 200 150 3500 100 300
eil101 TSWSM_SE 12 739 101 653 69922845 200 150 3500 100 300
eil101 TSWSM_SE 13 759 101 655 69597183 200 150 3500 100 300
eil101 TSWSM_SE 14 755 101 652 69878670 200 150 3500 100 300
eil101 TSWSM_SE 15 761 101 662 69608489 200 150 3500 100 300
eil101 TSWSM_SE 16 809 101 686 69448221 200 150 3500 100 300
eil101 TSWSM_SE 17 776 101 662 69540324 200 150 3500 100 300
eil101 TSWSM_SE 18 770 101 677 69464852 200 150 3500 100 300
eil101 TSWSM_SE 19 795 101 645 69552836 200 150 3500 100 300
eil101 TSWSM_SE 20 789 101 661 69991571 200 150 3500 100 300
eil101 TSWSM_SE 21 722 101 641 69568107 200 150 3500 100 300
eil101 TSWSM_SE 22 752 101 660 69359413 200 150 3500 100 300
eil101 TSWSM_SE 23 782 101 666 69154246 200 150 3500 100 300
eil101 TSWSM_SE 24 787 101 665 69238078 200 150 3500 100 300
eil101 TSWSM_SE 25 750 101 660 69528089 200 150 3500 100 300
eil101 TSWSM_SE 26 751 101 673 70242810 200 150 3500 100 300
eil101 TSWSM_SE 27 835 101 692 69144490 200 150 3500 100 300
eil101 TSWSM_SE 28 746 101 658 69880763 200 150 3500 100 300
eil101 TSWSM_SE 29 715 101 665 69484310 200 150 3500 100 300
eil101 TSWSM_SE 30 703 101 648 69268962 200 150 3500 100 300
eil101 TSWSM_NN 1 810 101 691 69102242 200 150 3500 100 300
eil101 TSWSM_NN 2 810 101 682 69716429 200 150 3500 100 300
eil101 TSWSM_NN 3 810 101 699 68944008 200 150 3500 100 300
eil101 TSWSM_NN 4 810 101 696 68826559 200 150 3500 100 300
eil101 TSWSM_NN 5 810 101 692 68780018 200 150 3500 100 300
eil101 TSWSM_NN 6 810 101 675 68859724 200 150 3500 100 300
eil101 TSWSM_NN 7 810 101 668 68836362 200 150 3500 100 300
eil101 TSWSM_NN 8 810 101 709 69071875 200 150 3500 100 300
eil101 TSWSM_NN 9 810 101 678 68895340 200 150 3500 100 300
eil101 TSWSM_NN 10 810 101 681 68859044 200 150 3500 100 300
eil101 TSWSM_NN 11 810 101 697 68940424 200 150 3500 100 300
eil101 TSWSM_NN 12 810 101 672 68847476 200 150 3500 100 300
eil101 TSWSM_NN 13 810 101 689 68956234 200 150 3500 100 300
eil101 TSWSM_NN 14 810 101 684 68737466 200 150 3500 100 300
eil101 TSWSM_NN 15 810 101 664 68985883 200 150 3500 100 300
eil101 TSWSM_NN 16 810 101 678 68853938 200 150 3500 100 300
eil101 TSWSM_NN 17 810 101 703 68982838 200 150 3500 100 300
eil101 TSWSM_NN 18 810 101 680 69276819 200 150 3500 100 300
eil101 TSWSM_NN 19 810 101 696 69178958 200 150 3500 100 300
eil101 TSWSM_NN 20 810 101 688 68944503 200 150 3500 100 300
eil101 TSWSM_NN 21 810 101 666 68845621 200 150 3500 100 300
eil101 TSWSM_NN 22 810 101 677 68815118 200 150 3500 100 300
eil101 TSWSM_NN 23 810 101 665 68879775 200 150 3500 100 300
eil101 TSWSM_NN 24 810 101 676 68833982 200 150 3500 100 300
eil101 TSWSM_NN 25 810 101 711 68860512 200 150 3500 100 300
eil101 TSWSM_NN 26 810 101 701 68870561 200 150 3500 100 300
eil101 TSWSM_NN 27 810 101 695 68868177 200 150 3500 100 300
eil101 TSWSM_NN 28 810 101 676 68842242 200 150 3500 100 300
eil101 TSWSM_NN 29 810 101 698 68852720 200 150 3500 100 300
eil101 TSWSM_NN 30 810 101 681 68889849 200 150 3500 100 300
eil101 TSESM_AGM 1 849 101 789 22045780 300 150 3500 100 300
eil101 TSESM_AGM 2 849 101 690 65648812 300 150 3500 100 300
eil101 TSESM_AGM 3 849 101 795 27213976 300 150 3500 100 300
eil101 TSESM_AGM 4 849 101 686 72803871 300 150 3500 100 300
eil101 TSESM_AGM 5 849 101 692 45823972 300 150 3500 100 300
eil101 TSESM_AGM 6 849 101 700 69330219 300 150 3500 100 300
eil101 TSESM_AGM 7 849 101 686 71393169 300 150 3500 100 300
eil101 TSESM_AGM 8 849 101 720 33902727 300 150 3500 100 300
eil101 TSESM_AGM 9 849 101 672 71731652 300 150 3500 100 300
eil101 TSESM_AGM 10 849 101 695 71684102 300 150 3500 100 300
eil101 TSESM_AGM 11 849 101 669 72299541 300 150 3500 100 300
eil101 TSESM_AGM 12 849 101 723 62872798 300 150 3500 100 300
eil101 TSESM_AGM 13 849 101 699 72784050 300 150 3500 100 300
eil101 TSESM_AGM 14 849 101 673 72347581 300 150 3500 100 300
eil101 TSESM_AGM 15 849 101 699 68002727 300 150 3500 100 300
eil101 TSESM_AGM 16 849 101 680 73641212 300 150 3500 100 300
eil101 TSESM_AGM 17 849 101 706 53708930 300 150 3500 100 300
eil101 TSESM_AGM 18 849 101 733 62280907 300 150 3500 100 300
eil101 TSESM_AGM 19 849 101 692 72724103 300 150 3500 100 300
eil101 TSESM_AGM 20 849 101 715 70607602 300 150 3500 100 300
eil101 TSESM_AGM 21 849 101 687 72420573 300 150 3500 100 300
eil101 TSESM_AGM 22 849 101 677 60536895 300 150 3500 100 300
eil101 TSESM_AGM 23 849 101 721 35955262 300 150 3500 100 300
eil101 TSESM_AGM 24 849 101 718 61438982 300 150 3500 100 300
eil101 TSESM_AGM 25 849 101 673 72100369 300 150 3500 100 300
eil101 TSESM_AGM 26 849 101 674 59386868 300 150 3500 100 300
eil101 TSESM_AGM 27 849 101 714 54147258 300 150 3500 100 300
eil101 TSESM_AGM 28 849 101 703 45811995 300 150 3500 100 300
eil101 TSESM_AGM 29 849 101 687 72576142 300 150 3500 100 300
eil101 TSESM_AGM 30 849 101 688 81266713 300 150 3500 100 300
eil101 TSESM_SE 1 760 101 664 98003413 300 150 3500 100 300
eil101 TSESM_SE 2 757 101 677 55741796 300 150 3500 100 300
eil101 TSESM_SE 3 739 101 720 25219176 300 150 3500 100 300
eil101 TSESM_SE 4 744 101 679 54405061 300 150 3500 100 300
eil101 TSESM_SE 5 734 101 681 40046532 300 150 3500 100 300
eil101 TSESM_SE 6 777 101 724 33867709 300 150 3500 100 300
eil101 TSESM_SE 7 769 101 674 40022254 300 150 3500 100 300
eil101 TSESM_SE 8 742 101 648 53762085 300 150 3500 100 300
eil101 TSESM_SE 9 737 101 693 22237519 300 150 3500 100 300
eil101 TSESM_SE 10 726 101 708 15318081 300 150 3500 100 300
eil101 TSESM_SE 11 754 101 710 22838224 300 150 3500 100 300
eil101 TSESM_SE 12 741 101 699 26132299 300 150 3500 100 300
eil101 TSESM_SE 13 790 101 725 31535911 300 150 3500 100 300
eil101 TSESM_SE 14 778 101 675 64304199 300 150 3500 100 300
eil101 TSESM_SE 15 784 101 694 48130808 300 150 3500 100 300
eil101 TSESM_SE 16 786 101 681 32721371 300 150 3500 100 300
eil101 TSESM_SE 17 795 101 645 57666416 300 150 3500 100 300
eil101 TSESM_SE 18 753 101 671 63328753 300 150 3500 100 300
eil101 TSESM_SE 19 744 101 709 18720548 300 150 3500 100 300
eil101 TSESM_SE 20 754 101 659 59444916 300 150 3500 100 300
eil101 TSESM_SE 21 827 101 701 32155264 300 150 3500 100 300
eil101 TSESM_SE 22 746 101 655 39665300 300 150 3500 100 300
eil101 TSESM_SE 23 764 101 662 60388250 300 150 3500 100 300
eil101 TSESM_SE 24 743 101 656 70722867 300 150 3500 100 300
eil101 TSESM_SE 25 771 101 660 56995691 300 150 3500 100 300
eil101 TSESM_SE 26 783 101 732 23625762 300 150 3500 100 300
eil101 TSESM_SE 27 740 101 645 42543274 300 150 3500 100 300
eil101 TSESM_SE 28 761 101 720 22974504 300 150 3500 100 300
eil101 TSESM_SE 29 815 101 708 47043576 300 150 3500 100 300
eil101 TSESM_SE 30 748 101 695 41791838 300 150 3500 100 300
eil101 TSESM_NN 1 810 101 696 44375227 300 150 3500 100 300
eil101 TSESM_NN 2 810 101 693 51376035 300 150 3500 100 300
eil101 TSESM_NN 3 810 101 695 66730821 300 150 3500 100 300
eil101 TSESM_NN 4 810 101 701 50795081 300 150 3500 100 300
eil101 TSESM_NN 5 810 101 684 62172970 300 150 3500 100 300
eil101 TSESM_NN 6 810 101 679 54648224 300 150 3500 100 300
eil101 TSESM_NN 7 810 101 703 50586979 300 150 3500 100 300
eil101 TSESM_NN 8 810 101 682 48477712 300 150 3500 100 300
eil101 TSESM_NN 9 810 101 693 50143967 300 150 3500 100 300
eil101 TSESM_NN 10 810 101 727 29160602 300 150 3500 100 300
eil101 TSESM_NN 11 810 101 677 69591898 300 150 3500 100 300
eil101 TSESM_NN 12 810 101 686 54584738 300 150 3500 100 300
eil101 TSESM_NN 13 810 101 696 64272028 300 150 3500 100 300
eil101 TSESM_NN 14 810 101 695 67439265 300 150 3500 100 300
eil101 TSESM_NN 15 810 101 676 69369495 300 150 3500 100 300
eil101 TSESM_NN 16 810 101 707 42489746 300 150 3500 100 300
eil101 TSESM_NN 17 810 101 708 62815299 300 150 3500 100 300
eil101 TSESM_NN 18 810 101 686 69606640 300 150 3500 100 300
eil101 TSESM_NN 19 810 101 710 47778765 300 150 3500 100 300
eil101 TSESM_NN 20 810 101 761 21645508 300 150 3500 100 300
eil101 TSESM_NN 21 810 101 709 48865009 300 150 3500 100 300
eil101 TSESM_NN 22 810 101 672 70105436 300 150 3500 100 300
eil101 TSESM_NN 23 810 101 699 50299857 300 150 3500 100 300
eil101 TSESM_NN 24 810 101 736 22255418 300 150 3500 100 300
eil101 TSESM_NN 25 810 101 676 59270030 300 150 3500 100 300
eil101 TSESM_NN 26 810 101 699 42037191 300 150 3500 100 300
eil101 TSESM_NN 27 810 101 711 51594387 300 150 3500 100 300
eil101 TSESM_NN 28 810 101 679 69204809 300 150 3500 100 300
eil101 TSESM_NN 29 810 101 714 28498176 300 150 3500 100 300
eil101 TSESM_NN 30 810 101 701 59483825 300 150 3500 100 300
eil101 TSWSM_AGM 1 837 101 696 69520823 300 150 3500 100 300
eil101 TSWSM_AGM 2 837 101 693 69199564 300 150 3500 100 300
eil101 TSWSM_AGM 3 837 101 680 69664055 300 150 3500 100 300
eil101 TSWSM_AGM 4 837 101 698 69176267 300 150 3500 100 300
eil101 TSWSM_AGM 5 837 101 658 69183337 300 150 3500 100 300
eil101 TSWSM_AGM 6 837 101 690 69893997 300 150 3500 100 300
eil101 TSWSM_AGM 7 837 101 672 69443381 300 150 3500 100 300
eil101 TSWSM_AGM 8 837 101 693 69270980 300 150 3500 100 300
eil101 TSWSM_AGM 9 837 101 673 69434826 300 150 3500 100 300
eil101 TSWSM_AGM 10 837 101 703 69386347 300 150 3500 100 300
eil101 TSWSM_AGM 11 837 101 688 69600778 300 150 3500 100 300
eil101 TSWSM_AGM 12 837 101 658 69658486 300 150 3500 100 300
eil101 TSWSM_AGM 13 837 101 680 69215286 300 150 3500 100 300
eil101 TSWSM_AGM 14 837 101 687 69354149 300 150 3500 100 300
eil101 TSWSM_AGM 15 837 101 687 69879258 300 150 3500 100 300
eil101 TSWSM_AGM 16 837 101 674 69492909 300 150 3500 100 300
eil101 TSWSM_AGM 17 837 101 678 69299920 300 150 3500 100 300
eil101 TSWSM_AGM 18 837 101 705 69483728 300 150 3500 100 300
eil101 TSWSM_AGM 19 837 101 690 69578264 300 150 3500 100 300
eil101 TSWSM_AGM 20 837 101 672 69393435 300 150 3500 100 300
eil101 TSWSM_AGM 21 837 101 679 69769121 300 150 3500 100 300
eil101 TSWSM_AGM 22 837 101 679 69726329 300 150 3500 100 300
eil101 TSWSM_AGM 23 837 101 660 69710055 300 150 3500 100 300
eil101 TSWSM_AGM 24 837 101 673 69211952 300 150 3500 100 300
eil101 TSWSM_AGM 25 837 101 655 69628087 300 150 3500 100 300
eil101 TSWSM_AGM 26 837 101 709 69174164 300 150 3500 100 300
eil101 TSWSM_AGM 27 837 101 701 69417050 300 150 3500 100 300
eil101 TSWSM_AGM 28 837 101 698 69535958 300 150 3500 100 300
eil101 TSWSM_AGM 29 837 101 694 70113024 300 150 3500 100 300
eil101 TSWSM_AGM 30 837 101 671 69511068 300 150 3500 100 300
eil101 TSWSM_SE 1 738 101 658 69117013 300 150 3500 100 300
eil101 TSWSM_SE 2 784 101 659 69174124 300 150 3500 100 300
eil101 TSWSM_SE 3 734 101 646 69889058 300 150 3500 100 300
eil101 TSWSM_SE 4 792 101 683 69129347 300 150 3500 100 300
eil101 TSWSM_SE 5 740 101 658 69264773 300 150 3500 100 300
eil101 TSWSM_SE 6 727 101 670 69393871 300 150 3500 100 300
eil101 TSWSM_SE 7 734 101 636 69333153 300 150 3500 100 300
eil101 TSWSM_SE 8 792 101 681 69724679 300 150 3500 100 300
eil101 TSWSM_SE 9 752 101 659 69820095 300 150 3500 100 300
eil101 TSWSM_SE 10 739 101 675 69574708 300 150 3500 100 300
eil101 TSWSM_SE 11 759 101 651 69434736 300 150 3500 100 300
eil101 TSWSM_SE 12 739 101 647 69531030 300 150 3500 100 300
eil101 TSWSM_SE 13 759 101 679 70215056 300 150 3500 100 300
eil101 TSWSM_SE 14 755 101 663 69395959 300 150 3500 100 300
eil101 TSWSM_SE 15 761 101 669 70147477 300 150 3500 100 300
eil101 TSWSM_SE 16 809 101 669 69621896 300 150 3500 100 300
eil101 TSWSM_SE 17 776 101 668 69789444 300 150 3500 100 300
eil101 TSWSM_SE 18 770 101 657 69328830 300 150 3500 100 300
eil101 TSWSM_SE 19 795 101 688 69127839 300 150 3500 100 300
eil101 TSWSM_SE 20 789 101 648 70041966 300 150 3500 100 300
eil101 TSWSM_SE 21 722 101 661 69722364 300 150 3500 100 300
eil101 TSWSM_SE 22 752 101 659 69538149 300 150 3500 100 300
eil101 TSWSM_SE 23 782 101 670 69300896 300 150 3500 100 300
eil101 TSWSM_SE 24 787 101 655 69934181 300 150 3500 100 300
eil101 TSWSM_SE 25 750 101 665 69853638 300 150 3500 100 300
eil101 TSWSM_SE 26 751 101 643 69410943 300 150 3500 100 300
eil101 TSWSM_SE 27 835 101 683 70474560 300 150 3500 100 300
eil101 TSWSM_SE 28 746 101 642 69748981 300 150 3500 100 300
eil101 TSWSM_SE 29 715 101 664 69263203 300 150 3500 100 300
eil101 TSWSM_SE 30 703 101 652 69817821 300 150 3500 100 300
eil101 TSWSM_NN 1 810 101 691 70071620 300 150 3500 100 300
eil101 TSWSM_NN 2 810 101 689 70578849 300 150 3500 100 300
eil101 TSWSM_NN 3 810 101 672 69349739 300 150 3500 100 300
eil101 TSWSM_NN 4 810 101 688 69238759 300 150 3500 100 300
eil101 TSWSM_NN 5 810 101 676 69677147 300 150 3500 100 300
eil101 TSWSM_NN 6 810 101 684 69206369 300 150 3500 100 300
eil101 TSWSM_NN 7 810 101 685 69354457 300 150 3500 100 300
eil101 TSWSM_NN 8 810 101 692 69354180 300 150 3500 100 300
eil101 TSWSM_NN 9 810 101 705 69298456 300 150 3500 100 300
eil101 TSWSM_NN 10 810 101 673 69438835 300 150 3500 100 300
eil101 TSWSM_NN 11 810 101 708 69589123 300 150 3500 100 300
eil101 TSWSM_NN 12 810 101 681 69661985 300 150 3500 100 300
eil101 TSWSM_NN 13 810 101 697 69570463 300 150 3500 100 300
eil101 TSWSM_NN 14 810 101 670 69304277 300 150 3500 100 300
eil101 TSWSM_NN 15 810 101 677 69093258 300 150 3500 100 300
eil101 TSWSM_NN 16 810 101 688 69514498 300 150 3500 100 300
eil101 TSWSM_NN 17 810 101 721 69211207 300 150 3500 100 300
eil101 TSWSM_NN 18 810 101 704 69316587 300 150 3500 100 300
eil101 TSWSM_NN 19 810 101 686 69307757 300 150 3500 100 300
eil101 TSWSM_NN 20 810 101 686 69246017 300 150 3500 100 300
eil101 TSWSM_NN 21 810 101 685 69266147 300 150 3500 100 300
eil101 TSWSM_NN 22 810 101 678 69076312 300 150 3500 100 300
eil101 TSWSM_NN 23 810 101 693 69103518 300 150 3500 100 300
eil101 TSWSM_NN 24 810 101 688 69116604 300 150 3500 100 300
eil101 TSWSM_NN 25 810 101 675 69033524 300 150 3500 100 300
eil101 TSWSM_NN 26 810 101 705 68804803 300 150 3500 100 300
eil101 TSWSM_NN 27 810 101 682 68779115 300 150 3500 100 300
eil101 TSWSM_NN 28 810 101 673 68855429 300 150 3500 100 300
eil101 TSWSM_NN 29 810 101 697 68870382 300 150 3500 100 300
eil101 TSWSM_NN 30 810 101 689 69034023 300 150 3500 100 300
