pr152 TSESM_AGM 1 90329 152 87401 214598454 200 150 3500 100 300
pr152 TSESM_AGM 2 90329 152 86585 221016195 200 150 3500 100 300
pr152 TSESM_AGM 3 90329 152 83188 205753899 200 150 3500 100 300
pr152 TSESM_AGM 4 90329 152 83915 179235514 200 150 3500 100 300
pr152 TSESM_AGM 5 90329 152 84227 201946536 200 150 3500 100 300
pr152 TSESM_AGM 6 90329 152 84762 201879530 200 150 3500 100 300
pr152 TSESM_AGM 7 90329 152 85584 201784297 200 150 3500 100 300
pr152 TSESM_AGM 8 90329 152 83774 147090771 200 150 3500 100 300
pr152 TSESM_AGM 9 90329 152 85074 144249686 200 150 3500 100 300
pr152 TSESM_AGM 10 90329 152 86563 144148353 200 150 3500 100 300
pr152 TSESM_AGM 11 90329 152 87715 145751164 200 150 3500 100 300
pr152 TSESM_AGM 12 90329 152 86824 144598554 200 150 3500 100 300
pr152 TSESM_AGM 13 90329 152 86795 144873129 200 150 3500 100 300
pr152 TSESM_AGM 14 90329 152 87145 145299427 200 150 3500 100 300
pr152 TSESM_AGM 15 90329 152 87498 144379418 200 150 3500 100 300
pr152 TSESM_AGM 16 90329 152 86996 143948671 200 150 3500 100 300
pr152 TSESM_AGM 17 90329 152 87731 143901687 200 150 3500 100 300
pr152 TSESM_AGM 18 90329 152 88027 143196988 200 150 3500 100 300
pr152 TSESM_AGM 19 90329 152 87007 144353882 200 150 3500 100 300
pr152 TSESM_AGM 20 90329 152 86864 144310508 200 150 3500 100 300
pr152 TSESM_AGM 21 90329 152 87594 143678026 200 150 3500 100 300
pr152 TSESM_AGM 22 90329 152 83605 143301801 200 150 3500 100 300
pr152 TSESM_AGM 23 90329 152 85845 144483196 200 150 3500 100 300
pr152 TSESM_AGM 24 90329 152 87560 143665436 200 150 3500 100 300
pr152 TSESM_AGM 25 90329 152 86690 143394114 200 150 3500 100 300
pr152 TSESM_AGM 26 90329 152 84718 143342865 200 150 3500 100 300
pr152 TSESM_AGM 27 90329 152 81499 143303060 200 150 3500 100 300
pr152 TSESM_AGM 28 90329 152 88005 143380376 200 150 3500 100 300
pr152 TSESM_AGM 29 90329 152 86143 142899324 200 150 3500 100 300
pr152 TSESM_AGM 30 90329 152 85181 142862260 200 150 3500 100 300
pr152 TSESM_SE 1 84643 152 78826 143420022 200 150 3500 100 300
pr152 TSESM_SE 2 84819 152 79585 143824298 200 150 3500 100 300
pr152 TSESM_SE 3 85360 152 78307 143626397 200 150 3500 100 300
pr152 TSESM_SE 4 84819 152 79694 142950901 200 150 3500 100 300
pr152 TSESM_SE 5 84643 152 79461 143477246 200 150 3500 100 300
pr152 TSESM_SE 6 84819 152 81698 143639256 200 150 3500 100 300
pr152 TSESM_SE 7 84643 152 79562 144763030 200 150 3500 100 300
pr152 TSESM_SE 8 84819 152 81263 143420663 200 150 3500 100 300
pr152 TSESM_SE 9 84643 152 80375 143440178 200 150 3500 100 300
pr152 TSESM_SE 10 84819 152 79244 144147484 200 150 3500 100 300
pr152 TSESM_SE 11 84643 152 77949 144536259 200 150 3500 100 300
pr152 TSESM_SE 12 84819 152 77952 143412055 200 150 3500 100 300
pr152 TSESM_SE 13 84643 152 78449 143898364 200 150 3500 100 300
pr152 TSESM_SE 14 84819 152 80543 143716726 200 150 3500 100 300
pr152 TSESM_SE 15 84643 152 77988 144442514 200 150 3500 100 300
pr152 TSESM_SE 16 84819 152 80618 143184568 200 150 3500 100 300
pr152 TSESM_SE 17 84643 152 77543 143372803 200 150 3500 100 300
pr152 TSESM_SE 18 84819 152 78298 143712656 200 150 3500 100 300
pr152 TSESM_SE 19 85360 152 78111 143641907 200 150 3500 100 300
pr152 TSESM_SE 20 84819 152 80292 143865669 200 150 3500 100 300
pr152 TSESM_SE 21 84643 152 80476 144262952 200 150 3500 100 300
pr152 TSESM_SE 22 84819 152 79111 143639503 200 150 3500 100 300
pr152 TSESM_SE 23 84643 152 80054 144336886 200 150 3500 100 300
pr152 TSESM_SE 24 84819 152 80484 144401704 200 150 3500 100 300
pr152 TSESM_SE 25 84643 152 78367 143506887 200 150 3500 100 300
pr152 TSESM_SE 26 84819 152 81481 143619965 200 150 3500 100 300
pr152 TSESM_SE 27 84643 152 80555 143764281 200 150 3500 100 300
pr152 TSESM_SE 28 84819 152 81275 143516854 200 150 3500 100 300
pr152 TSESM_SE 29 84643 152 80370 144337350 200 150 3500 100 300
pr152 TSESM_SE 30 84819 152 79696 144019523 200 150 3500 100 300
pr152 TSESM_NN 1 85640 152 78410 144621259 200 150 3500 100 300
pr152 TSESM_NN 2 85640 152 80626 143664959 200 150 3500 100 300
pr152 TSESM_NN 3 85640 152 79025 143000253 200 150 3500 100 300
pr152 TSESM_NN 4 85640 152 79070 142678510 200 150 3500 100 300
pr152 TSESM_NN 5 85640 152 80219 142473614 200 150 3500 100 300
pr152 TSESM_NN 6 85640 152 79011 143045548 200 150 3500 100 300
pr152 TSESM_NN 7 85640 152 81599 142584775 200 150 3500 100 300
pr152 TSESM_NN 8 85640 152 80958 142849589 200 150 3500 100 300
pr152 TSESM_NN 9 85640 152 80078 142465637 200 150 3500 100 300
pr152 TSESM_NN 10 85640 152 79089 142532574 200 150 3500 100 300
pr152 TSESM_NN 11 85640 152 80427 142643114 200 150 3500 100 300
pr152 TSESM_NN 12 85640 152 79618 142570682 200 150 3500 100 300
pr152 TSESM_NN 13 85640 152 79502 142897710 200 150 3500 100 300
pr152 TSESM_NN 14 85640 152 82342 142693572 200 150 3500 100 300
pr152 TSESM_NN 15 85640 152 79712 142809977 200 150 3500 100 300
pr152 TSESM_NN 16 85640 152 80429 142694659 200 150 3500 100 300
pr152 TSESM_NN 17 85640 152 78858 142441157 200 150 3500 100 300
pr152 TSESM_NN 18 85640 152 77979 142286971 200 150 3500 100 300
pr152 TSESM_NN 19 85640 152 81394 142621684 200 150 3500 100 300
pr152 TSESM_NN 20 85640 152 79058 142312098 200 150 3500 100 300
pr152 TSESM_NN 21 85640 152 79745 142201455 200 150 3500 100 300
pr152 TSESM_NN 22 85640 152 82097 142007424 200 150 3500 100 300
pr152 TSESM_NN 23 85640 152 80115 142306965 200 150 3500 100 300
pr152 TSESM_NN 24 85640 152 80390 142183877 200 150 3500 100 300
pr152 TSESM_NN 25 85640 152 80376 142115511 200 150 3500 100 300
pr152 TSESM_NN 26 85640 152 79148 142847274 200 150 3500 100 300
pr152 TSESM_NN 27 85640 152 78695 141876412 200 150 3500 100 300
pr152 TSESM_NN 28 85640 152 79696 141474028 200 150 3500 100 300
pr152 TSESM_NN 29 85640 152 81191 141344158 200 150 3500 100 300
pr152 TSESM_NN 30 85640 152 80333 141402473 200 150 3500 100 300
pr152 TSWSM_AGM 1 90329 152 82248 141154010 200 150 3500 100 300
pr152 TSWSM_AGM 2 90329 152 86675 141139978 200 150 3500 100 300
pr152 TSWSM_AGM 3 90329 152 85162 142383691 200 150 3500 100 300
pr152 TSWSM_AGM 4 90329 152 84303 143827143 200 150 3500 100 300
pr152 TSWSM_AGM 5 90329 152 86626 143257114 200 150 3500 100 300
pr152 TSWSM_AGM 6 90329 152 84123 141342189 200 150 3500 100 300
pr152 TSWSM_AGM 7 90329 152 87594 141425143 200 150 3500 100 300
pr152 TSWSM_AGM 8 90329 152 88234 141137231 200 150 3500 100 300
pr152 TSWSM_AGM 9 90329 152 87764 141747557 200 150 3500 100 300
pr152 TSWSM_AGM 10 90329 152 85257 140951630 200 150 3500 100 300
pr152 TSWSM_AGM 11 90329 152 87577 140917144 200 150 3500 100 300
pr152 TSWSM_AGM 12 90329 152 88689 140961126 200 150 3500 100 300
pr152 TSWSM_AGM 13 90329 152 85887 141284703 200 150 3500 100 300
pr152 TSWSM_AGM 14 90329 152 86764 141670918 200 150 3500 100 300
pr152 TSWSM_AGM 15 90329 152 85275 141881256 200 150 3500 100 300
pr152 TSWSM_AGM 16 90329 152 86284 141367059 200 150 3500 100 300
pr152 TSWSM_AGM 17 90329 152 83097 141368608 200 150 3500 100 300
pr152 TSWSM_AGM 18 90329 152 87221 142394611 200 150 3500 100 300
pr152 TSWSM_AGM 19 90329 152 86646 141801572 200 150 3500 100 300
pr152 TSWSM_AGM 20 90329 152 83982 142735292 200 150 3500 100 300
pr152 TSWSM_AGM 21 90329 152 86492 141543412 200 150 3500 100 300
pr152 TSWSM_AGM 22 90329 152 82001 141528469 200 150 3500 100 300
pr152 TSWSM_AGM 23 90329 152 86902 140834925 200 150 3500 100 300
pr152 TSWSM_AGM 24 90329 152 88063 140820783 200 150 3500 100 300
pr152 TSWSM_AGM 25 90329 152 86594 141212789 200 150 3500 100 300
pr152 TSWSM_AGM 26 90329 152 86973 140991203 200 150 3500 100 300
pr152 TSWSM_AGM 27 90329 152 85101 142607608 200 150 3500 100 300
pr152 TSWSM_AGM 28 90329 152 87937 141913486 200 150 3500 100 300
pr152 TSWSM_AGM 29 90329 152 86647 142006461 200 150 3500 100 300
pr152 TSWSM_AGM 30 90329 152 85623 142542309 200 150 3500 100 300
pr152 TSWSM_SE 1 84643 152 79431 142736335 200 150 3500 100 300
pr152 TSWSM_SE 2 84819 152 81092 142092064 200 150 3500 100 300
pr152 TSWSM_SE 3 84643 152 80769 141235145 200 150 3500 100 300
pr152 TSWSM_SE 4 84819 152 80282 141622003 200 150 3500 100 300
pr152 TSWSM_SE 5 85360 152 80157 141488218 200 150 3500 100 300
pr152 TSWSM_SE 6 84819 152 81844 141463140 200 150 3500 100 300
pr152 TSWSM_SE 7 84643 152 79299 141233261 200 150 3500 100 300
pr152 TSWSM_SE 8 84819 152 79204 141465799 200 150 3500 100 300
pr152 TSWSM_SE 9 84643 152 79349 141492482 200 150 3500 100 300
pr152 TSWSM_SE 10 84819 152 79726 141604803 200 150 3500 100 300
pr152 TSWSM_SE 11 84643 152 80720 141486218 200 150 3500 100 300
pr152 TSWSM_SE 12 84819 152 79917 141502202 200 150 3500 100 300
pr152 TSWSM_SE 13 84643 152 79067 141572071 200 150 3500 100 300
pr152 TSWSM_SE 14 84819 152 77099 141915931 200 150 3500 100 300
pr152 TSWSM_SE 15 84643 152 81133 141511008 200 150 3500 100 300
pr152 TSWSM_SE 16 84819 152 78265 141373517 200 150 3500 100 300
pr152 TSWSM_SE 17 84643 152 78197 141452641 200 150 3500 100 300
pr152 TSWSM_SE 18 84819 152 81797 141378377 200 150 3500 100 300
pr152 TSWSM_SE 19 84643 152 79416 141562775 200 150 3500 100 300
pr152 TSWSM_SE 20 84819 152 81038 141329410 200 150 3500 100 300
pr152 TSWSM_SE 21 85360 152 79714 141423765 200 150 3500 100 300
pr152 TSWSM_SE 22 84819 152 81038 141500170 200 150 3500 100 300
pr152 TSWSM_SE 23 84643 152 77065 141557354 200 150 3500 100 300
pr152 TSWSM_SE 24 84819 152 79646 141485682 200 150 3500 100 300
pr152 TSWSM_SE 25 84643 152 77889 142628091 200 150 3500 100 300
pr152 TSWSM_SE 26 84819 152 77799 143675055 200 150 3500 100 300
pr152 TSWSM_SE 27 84643 152 79167 142257904 200 150 3500 100 300
pr152 TSWSM_SE 28 84819 152 78417 141695999 200 150 3500 100 300
pr152 TSWSM_SE 29 84643 152 78233 142107340 200 150 3500 100 300
pr152 TSWSM_SE 30 84819 152 79312 142263704 200 150 3500 100 300
pr152 TSWSM_NN 1 85640 152 80362 141287485 200 150 3500 100 300
pr152 TSWSM_NN 2 85640 152 78813 141267360 200 150 3500 100 300
pr152 TSWSM_NN 3 85640 152 81029 141141579 200 150 3500 100 300
pr152 TSWSM_NN 4 85640 152 81459 141425228 200 150 3500 100 300
pr152 TSWSM_NN 5 85640 152 80782 141294457 200 150 3500 100 300
pr152 TSWSM_NN 6 85640 152 80141 141450711 200 150 3500 100 300
pr152 TSWSM_NN 7 85640 152 79821 141316035 200 150 3500 100 300
pr152 TSWSM_NN 8 85640 152 80143 141341609 200 150 3500 100 300
pr152 TSWSM_NN 9 85640 152 75568 141509986 200 150 3500 100 300
pr152 TSWSM_NN 10 85640 152 79600 141519277 200 150 3500 100 300
pr152 TSWSM_NN 11 85640 152 79582 141482044 200 150 3500 100 300
pr152 TSWSM_NN 12 85640 152 81233 141412859 200 150 3500 100 300
pr152 TSWSM_NN 13 85640 152 81938 141410695 200 150 3500 100 300
pr152 TSWSM_NN 14 85640 152 79422 141268360 200 150 3500 100 300
pr152 TSWSM_NN 15 85640 152 80596 142280077 200 150 3500 100 300
pr152 TSWSM_NN 16 85640 152 79533 142771291 200 150 3500 100 300
pr152 TSWSM_NN 17 85640 152 80214 142395217 200 150 3500 100 300
pr152 TSWSM_NN 18 85640 152 78251 142227337 200 150 3500 100 300
pr152 TSWSM_NN 19 85640 152 79793 141347452 200 150 3500 100 300
pr152 TSWSM_NN 20 85640 152 79020 141253431 200 150 3500 100 300
pr152 TSWSM_NN 21 85640 152 80830 141230299 200 150 3500 100 300
pr152 TSWSM_NN 22 85640 152 79170 141473276 200 150 3500 100 300
pr152 TSWSM_NN 23 85640 152 80077 141236695 200 150 3500 100 300
pr152 TSWSM_NN 24 85640 152 78857 141353639 200 150 3500 100 300
pr152 TSWSM_NN 25 85640 152 79717 141108716 200 150 3500 100 300
pr152 TSWSM_NN 26 85640 152 80508 141243850 200 150 3500 100 300
pr152 TSWSM_NN 27 85640 152 77722 141448209 200 150 3500 100 300
pr152 TSWSM_NN 28 85640 152 80866 141293287 200 150 3500 100 300
pr152 TSWSM_NN 29 85640 152 79222 141167065 200 150 3500 100 300
pr152 TSWSM_NN 30 85640 152 79363 142406054 200 150 3500 100 300
pr152 TSESM_AGM 1 90329 152 86671 200358740 300 150 3500 100 300
pr152 TSESM_AGM 2 90329 152 86743 201240643 300 150 3500 100 300
pr152 TSESM_AGM 3 90329 152 82756 200621174 300 150 3500 100 300
pr152 TSESM_AGM 4 90329 152 85087 200620492 300 150 3500 100 300
pr152 TSESM_AGM 5 90329 152 87180 200731840 300 150 3500 100 300
pr152 TSESM_AGM 6 90329 152 85963 201180584 300 150 3500 100 300
pr152 TSESM_AGM 7 90329 152 87888 200709202 300 150 3500 100 300
pr152 TSESM_AGM 8 90329 152 83874 200710723 300 150 3500 100 300
pr152 TSESM_AGM 9 90329 152 86727 200496090 300 150 3500 100 300
pr152 TSESM_AGM 10 90329 152 86724 200471380 300 150 3500 100 300
pr152 TSESM_AGM 11 90329 152 86219 200158963 300 150 3500 100 300
pr152 TSESM_AGM 12 90329 152 85942 200350250 300 150 3500 100 300
pr152 TSESM_AGM 13 90329 152 84903 200279159 300 150 3500 100 300
pr152 TSESM_AGM 14 90329 152 87222 200306787 300 150 3500 100 300
pr152 TSESM_AGM 15 90329 152 87945 149295132 300 150 3500 100 300
pr152 TSESM_AGM 16 90329 152 87124 143875397 300 150 3500 100 300
pr152 TSESM_AGM 17 90329 152 88036 143912753 300 150 3500 100 300
pr152 TSESM_AGM 18 90329 152 86782 143786423 300 150 3500 100 300
pr152 TSESM_AGM 19 90329 152 85126 144198785 300 150 3500 100 300
pr152 TSESM_AGM 20 90329 152 86483 144087989 300 150 3500 100 300
pr152 TSESM_AGM 21 90329 152 80944 143204684 300 150 3500 100 300
pr152 TSESM_AGM 22 90329 152 86214 143753916 300 150 3500 100 300
pr152 TSESM_AGM 23 90329 152 86560 143235291 300 150 3500 100 300
pr152 TSESM_AGM 24 90329 152 85546 143442639 300 150 3500 100 300
pr152 TSESM_AGM 25 90329 152 81200 144199655 300 150 3500 100 300
pr152 TSESM_AGM 26 90329 152 85528 143580536 300 150 3500 100 300
pr152 TSESM_AGM 27 90329 152 85105 144204724 300 150 3500 100 300
pr152 TSESM_AGM 28 90329 152 86835 144088075 300 150 3500 100 300
pr152 TSESM_AGM 29 90329 152 87737 104601996 300 150 3500 100 300
pr152 TSESM_AGM 30 90329 152 86849 143021671 300 150 3500 100 300
pr152 TSESM_SE 1 84643 152 79513 144040511 300 150 3500 100 300
pr152 TSESM_SE 2 84819 152 80349 143786146 300 150 3500 100 300
pr152 TSESM_SE 3 85360 152 75883 144160520 300 150 3500 100 300
pr152 TSESM_SE 4 84819 152 78772 143977892 300 150 3500 100 300
pr152 TSESM_SE 5 84643 152 80169 144348845 300 150 3500 100 300
pr152 TSESM_SE 6 84819 152 80275 144514578 300 150 3500 100 300
pr152 TSESM_SE 7 84643 152 80677 144591926 300 150 3500 100 300
pr152 TSESM_SE 8 84819 152 81113 144312098 300 150 3500 100 300
pr152 TSESM_SE 9 84643 152 75981 143733505 300 150 3500 100 300
pr152 TSESM_SE 10 84819 152 80241 143785635 300 150 3500 100 300
pr152 TSESM_SE 11 84643 152 79648 144251292 300 150 3500 100 300
pr152 TSESM_SE 12 84819 152 82038 144273657 300 150 3500 100 300
pr152 TSESM_SE 13 84643 152 78236 143822237 300 150 3500 100 300
pr152 TSESM_SE 14 84819 152 81557 144090784 300 150 3500 100 300
pr152 TSESM_SE 15 84643 152 77843 143473246 300 150 3500 100 300
pr152 TSESM_SE 16 84819 152 81305 144137155 300 150 3500 100 300
pr152 TSESM_SE 17 84643 152 81000 143559638 300 150 3500 100 300
pr152 TSESM_SE 18 84819 152 78848 143645226 300 150 3500 100 300
pr152 TSESM_SE 19 85360 152 77800 144342677 300 150 3500 100 300
pr152 TSESM_SE 20 84819 152 81478 144100505 300 150 3500 100 300
pr152 TSESM_SE 21 84643 152 78839 144204975 300 150 3500 100 300
pr152 TSESM_SE 22 84819 152 80894 143896119 300 150 3500 100 300
pr152 TSESM_SE 23 84643 152 80983 144712018 300 150 3500 100 300
pr152 TSESM_SE 24 84819 152 78331 144899398 300 150 3500 100 300
pr152 TSESM_SE 25 84643 152 77998 144201468 300 150 3500 100 300
pr152 TSESM_SE 26 84819 152 77524 145010668 300 150 3500 100 300
pr152 TSESM_SE 27 84643 152 78834 143738624 300 150 3500 100 300
pr152 TSESM_SE 28 84819 152 80552 143933286 300 150 3500 100 300
pr152 TSESM_SE 29 84643 152 77571 145818711 300 150 3500 100 300
pr152 TSESM_SE 30 84819 152 77828 143989711 300 150 3500 100 300
pr152 TSESM_NN 1 85640 152 81085 144195497 300 150 3500 100 300
pr152 TSESM_NN 2 85640 152 78634 135340445 300 150 3500 100 300
pr152 TSESM_NN 3 85640 152 79426 144042548 300 150 3500 100 300
pr152 TSESM_NN 4 85640 152 80020 143752517 300 150 3500 100 300
pr152 TSESM_NN 5 85640 152 79817 143559114 300 150 3500 100 300
pr152 TSESM_NN 6 85640 152 81049 143757469 300 150 3500 100 300
pr152 TSESM_NN 7 85640 152 82434 135747240 300 150 3500 100 300
pr152 TSESM_NN 8 85640 152 80091 142531924 300 150 3500 100 300
pr152 TSESM_NN 9 85640 152 81786 142706958 300 150 3500 100 300
pr152 TSESM_NN 10 85640 152 80292 142550178 300 150 3500 100 300
pr152 TSESM_NN 11 85640 152 79941 142301039 300 150 3500 100 300
pr152 TSESM_NN 12 85640 152 80671 142032484 300 150 3500 100 300
pr152 TSESM_NN 13 85640 152 79504 142040495 300 150 3500 100 300
pr152 TSESM_NN 14 85640 152 80115 142136417 300 150 3500 100 300
pr152 TSESM_NN 15 85640 152 79707 142158104 300 150 3500 100 300
pr152 TSESM_NN 16 85640 152 81373 142163587 300 150 3500 100 300
pr152 TSESM_NN 17 85640 152 81654 142157705 300 150 3500 100 300
pr152 TSESM_NN 18 85640 152 81910 142145178 300 150 3500 100 300
pr152 TSESM_NN 19 85640 152 80386 142228326 300 150 3500 100 300
pr152 TSESM_NN 20 85640 152 80071 142357628 300 150 3500 100 300
pr152 TSESM_NN 21 85640 152 81005 142208991 300 150 3500 100 300
pr152 TSESM_NN 22 85640 152 81540 141855616 300 150 3500 100 300
pr152 TSESM_NN 23 85640 152 80406 141529866 300 150 3500 100 300
pr152 TSESM_NN 24 85640 152 80523 141601751 300 150 3500 100 300
pr152 TSESM_NN 25 85640 152 78073 141589374 300 150 3500 100 300
pr152 TSESM_NN 26 85640 152 79211 141590123 300 150 3500 100 300
pr152 TSESM_NN 27 85640 152 81202 141576851 300 150 3500 100 300
pr152 TSESM_NN 28 85640 152 82191 141376483 300 150 3500 100 300
pr152 TSESM_NN 29 85640 152 77797 141169404 300 150 3500 100 300
pr152 TSESM_NN 30 85640 152 80153 141483090 300 150 3500 100 300
pr152 TSWSM_AGM 1 90329 152 87751 140776251 300 150 3500 100 300
pr152 TSWSM_AGM 2 90329 152 86367 140941978 300 150 3500 100 300
pr152 TSWSM_AGM 3 90329 152 85034 140957679 300 150 3500 100 300
pr152 TSWSM_AGM 4 90329 152 86497 140880215 300 150 3500 100 300
pr152 TSWSM_AGM 5 90329 152 88078 140750835 300 150 3500 100 300
pr152 TSWSM_AGM 6 90329 152 84388 140967574 300 150 3500 100 300
pr152 TSWSM_AGM 7 90329 152 86141 140786996 300 150 3500 100 300
pr152 TSWSM_AGM 8 90329 152 86578 140755843 300 150 3500 100 300
pr152 TSWSM_AGM 9 90329 152 85359 140802950 300 150 3500 100 300
pr152 TSWSM_AGM 10 90329 152 88121 140681479 300 150 3500 100 300
pr152 TSWSM_AGM 11 90329 152 85180 140931834 300 150 3500 100 300
pr152 TSWSM_AGM 12 90329 152 88220 140692079 300 150 3500 100 300
pr152 TSWSM_AGM 13 90329 152 84462 140826901 300 150 3500 100 300
pr152 TSWSM_AGM 14 90329 152 87735 141150896 300 150 3500 100 300
pr152 TSWSM_AGM 15 90329 152 85707 140850314 300 150 3500 100 300
pr152 TSWSM_AGM 16 90329 152 84977 140945869 300 150 3500 100 300
pr152 TSWSM_AGM 17 90329 152 86520 140928526 300 150 3500 100 300
pr152 TSWSM_AGM 18 90329 152 86627 140965700 300 150 3500 100 300
pr152 TSWSM_AGM 19 90329 152 86233 140968881 300 150 3500 100 300
pr152 TSWSM_AGM 20 90329 152 84757 140971733 300 150 3500 100 300
pr152 TSWSM_AGM 21 90329 152 83302 141080989 300 150 3500 100 300
pr152 TSWSM_AGM 22 90329 152 87293 141239188 300 150 3500 100 300
pr152 TSWSM_AGM 23 90329 152 87548 140780905 300 150 3500 100 300
pr152 TSWSM_AGM 24 90329 152 87042 140748294 300 150 3500 100 300
pr152 TSWSM_AGM 25 90329 152 88156 141268318 300 150 3500 100 300
pr152 TSWSM_AGM 26 90329 152 86301 141127429 300 150 3500 100 300
pr152 TSWSM_AGM 27 90329 152 85375 141062044 300 150 3500 100 300
pr152 TSWSM_AGM 28 90329 152 83628 141037564 300 150 3500 100 300
pr152 TSWSM_AGM 29 90329 152 87590 141003673 300 150 3500 100 300
pr152 TSWSM_AGM 30 90329 152 87821 140850386 300 150 3500 100 300
pr152 TSWSM_SE 1 84643 152 81841 141309855 300 150 3500 100 300
pr152 TSWSM_SE 2 84819 152 76667 141370711 300 150 3500 100 300
pr152 TSWSM_SE 3 84643 152 78291 141444951 300 150 3500 100 300
pr152 TSWSM_SE 4 84819 152 78938 141626697 300 150 3500 100 300
pr152 TSWSM_SE 5 85360 152 81983 141475102 300 150 3500 100 300
pr152 TSWSM_SE 6 84819 152 79687 141290057 300 150 3500 100 300
pr152 TSWSM_SE 7 84643 152 79446 141510767 300 150 3500 100 300
pr152 TSWSM_SE 8 84819 152 77904 141431390 300 150 3500 100 300
pr152 TSWSM_SE 9 84643 152 80638 141584747 300 150 3500 100 300
pr152 TSWSM_SE 10 84819 152 80892 141518402 300 150 3500 100 300
pr152 TSWSM_SE 11 84643 152 77947 141351376 300 150 3500 100 300
pr152 TSWSM_SE 12 84819 152 79643 141628154 300 150 3500 100 300
pr152 TSWSM_SE 13 84643 152 80600 141434830 300 150 3500 100 300
pr152 TSWSM_SE 14 84819 152 79270 141396732 300 150 3500 100 300
pr152 TSWSM_SE 15 84643 152 80009 141368969 300 150 3500 100 300
pr152 TSWSM_SE 16 84819 152 80535 141431952 300 150 3500 100 300
pr152 TSWSM_SE 17 84643 152 80524 141677826 300 150 3500 100 300
pr152 TSWSM_SE 18 84819 152 78289 141943091 300 150 3500 100 300
pr152 TSWSM_SE 19 84643 152 77953 141404548 300 150 3500 100 300
pr152 TSWSM_SE 20 84819 152 81343 141794254 300 150 3500 100 300
pr152 TSWSM_SE 21 85360 152 80728 141338245 300 150 3500 100 300
pr152 TSWSM_SE 22 84819 152 81148 141114974 300 150 3500 100 300
pr152 TSWSM_SE 23 84643 152 80727 141638752 300 150 3500 100 300
pr152 TSWSM_SE 24 84819 152 78399 141371117 300 150 3500 100 300
pr152 TSWSM_SE 25 84643 152 76996 141722298 300 150 3500 100 300
pr152 TSWSM_SE 26 84819 152 78322 141682590 300 150 3500 100 300
pr152 TSWSM_SE 27 84643 152 79366 141587982 300 150 3500 100 300
pr152 TSWSM_SE 28 84819 152 78673 141650886 300 150 3500 100 300
pr152 TSWSM_SE 29 84643 152 80275 141715068 300 150 3500 100 300
pr152 TSWSM_SE 30 84819 152 79600 141694592 300 150 3500 100 300
pr152 TSWSM_NN 1 85640 152 78182 141461406 300 150 3500 100 300
pr152 TSWSM_NN 2 85640 152 81177 141409521 300 150 3500 100 300
pr152 TSWSM_NN 3 85640 152 80364 141588779 300 150 3500 100 300
pr152 TSWSM_NN 4 85640 152 79800 141414799 300 150 3500 100 300
pr152 TSWSM_NN 5 85640 152 80141 141511856 300 150 3500 100 300
pr152 TSWSM_NN 6 85640 152 81311 141615264 300 150 3500 100 300
pr152 TSWSM_NN 7 85640 152 77517 141644819 300 150 3500 100 300
pr152 TSWSM_NN 8 85640 152 81666 141456153 300 150 3500 100 300
pr152 TSWSM_NN 9 85640 152 79610 141355754 300 150 3500 100 300
pr152 TSWSM_NN 10 85640 152 80213 141155555 300 150 3500 100 300
pr152 TSWSM_NN 11 85640 152 77651 141342782 300 150 3500 100 300
pr152 TSWSM_NN 12 85640 152 81893 141337499 300 150 3500 100 300
pr152 TSWSM_NN 13 85640 152 80676 141177059 300 150 3500 100 300
pr152 TSWSM_NN 14 85640 152 79962 141301967 300 150 3500 100 300
pr152 TSWSM_NN 15 85640 152 81204 141492324 300 150 3500 100 300
pr152 TSWSM_NN 16 85640 152 78015 141479164 300 150 3500 100 300
pr152 TSWSM_NN 17 85640 152 81469 141541584 300 150 3500 100 300
pr152 TSWSM_NN 18 85640 152 79145 141846572 300 150 3500 100 300
pr152 TSWSM_NN 19 85640 152 79661 141867841 300 150 3500 100 300
pr152 TSWSM_NN 20 85640 152 79083 141109538 300 150 3500 100 300
pr152 TSWSM_NN 21 85640 152 77725 141179161 300 150 3500 100 300
pr152 TSWSM_NN 22 85640 152 78707 141615951 300 150 3500 100 300
pr152 TSWSM_NN 23 85640 152 83367 141135545 300 150 3500 100 300
pr152 TSWSM_NN 24 85640 152 82361 141041375 300 150 3500 100 300
pr152 TSWSM_NN 25 85640 152 80086 141266770 300 150 3500 100 300
pr152 TSWSM_NN 26 85640 152 80080 141255387 300 150 3500 100 300
pr152 TSWSM_NN 27 85640 152 79690 141325554 300 150 3500 100 300
pr152 TSWSM_NN 28 85640 152 78566 141396071 300 150 3500 100 300
pr152 TSWSM_NN 29 85640 152 81032 141185705 300 150 3500 100 300
pr152 TSWSM_NN 30 85640 152 79730 141335627 300 150 3500 100 300
