TSWSM_SE 1 40138 48 35458 9397447 500 180 5000 100 500
TSWSM_SE 2 40138 48 35376 8370934 500 180 5000 100 500
TSWSM_SE 3 40138 48 35459 6996003 500 180 5000 100 500
TSWSM_SE 4 40138 48 35519 8041792 500 180 5000 100 500
TSWSM_SE 5 40138 48 34770 8394144 500 180 5000 100 500
TSWSM_SE 6 40138 48 35212 12951862 500 180 5000 100 500
TSWSM_SE 7 40138 48 36427 11435577 500 180 5000 100 500
TSWSM_SE 8 40138 48 34994 7482507 500 180 5000 100 500
TSWSM_SE 9 40138 48 34562 11706214 500 180 5000 100 500
TSWSM_SE 10 40138 48 35893 14647653 500 180 5000 100 500
TSWSM_SE 11 40138 48 36258 9435518 500 180 5000 100 500
TSWSM_SE 12 40138 48 35855 10844915 500 180 5000 100 500
TSWSM_SE 13 40138 48 35430 11492867 500 180 5000 100 500
TSWSM_SE 14 40138 48 36410 10912991 500 180 5000 100 500
TSWSM_SE 15 40138 48 35167 15912240 500 180 5000 100 500
TSWSM_SE 16 40138 48 34982 10325322 500 180 5000 100 500
TSWSM_SE 17 40138 48 35776 16879948 500 180 5000 100 500
TSWSM_SE 18 40138 48 35051 13104534 500 180 5000 100 500
TSWSM_SE 19 40138 48 34702 20732459 500 180 5000 100 500
TSWSM_SE 20 40138 48 35458 9288729 500 180 5000 100 500
TSWSM_SE 21 40138 48 35475 13619513 500 180 5000 100 500
TSWSM_SE 22 40138 48 36002 13906817 500 180 5000 100 500
TSWSM_SE 23 40138 48 35051 13489788 500 180 5000 100 500
TSWSM_SE 24 40138 48 35232 9712624 500 180 5000 100 500
TSWSM_SE 25 40138 48 35341 10658355 500 180 5000 100 500
TSWSM_SE 26 40138 48 36339 8303098 500 180 5000 100 500
TSWSM_SE 27 40138 48 34869 13213779 500 180 5000 100 500
TSWSM_SE 28 40138 48 36436 9911133 500 180 5000 100 500
TSWSM_SE 29 40138 48 35521 17467486 500 180 5000 100 500
TSWSM_SE 30 40138 48 35510 14572286 500 180 5000 100 500
TSWSM_NN 1 40503 48 35314 10410203 500 180 5000 100 500
TSWSM_NN 2 40503 48 35503 9963599 500 180 5000 100 500
TSWSM_NN 3 40503 48 34709 8952336 500 180 5000 100 500
TSWSM_NN 4 40503 48 34709 8142852 500 180 5000 100 500
TSWSM_NN 5 40503 48 35265 14303394 500 180 5000 100 500
TSWSM_NN 6 40503 48 33848 13594970 500 180 5000 100 500
TSWSM_NN 7 40503 48 34448 10542155 500 180 5000 100 500
TSWSM_NN 8 40503 48 35414 11108477 500 180 5000 100 500
TSWSM_NN 9 40503 48 34331 6739955 500 180 5000 100 500
TSWSM_NN 10 40503 48 35322 10904910 500 180 5000 100 500
TSWSM_NN 11 40503 48 34913 14574644 500 180 5000 100 500
TSWSM_NN 12 40503 48 34490 15854036 500 180 5000 100 500
TSWSM_NN 13 40503 48 35181 12244173 500 180 5000 100 500
TSWSM_NN 14 40503 48 34978 8782582 500 180 5000 100 500
TSWSM_NN 15 40503 48 35523 11707054 500 180 5000 100 500
TSWSM_NN 16 40503 48 35155 8782088 500 180 5000 100 500
TSWSM_NN 17 40503 48 34430 9742521 500 180 5000 100 500
TSWSM_NN 18 40503 48 35184 13902164 500 180 5000 100 500
TSWSM_NN 19 40503 48 34491 8733919 500 180 5000 100 500
TSWSM_NN 20 40503 48 33966 7993931 500 180 5000 100 500
TSWSM_NN 21 40503 48 34824 7971016 500 180 5000 100 500
TSWSM_NN 22 40503 48 34336 10996330 500 180 5000 100 500
TSWSM_NN 23 40503 48 34564 13613470 500 180 5000 100 500
TSWSM_NN 24 40503 48 34213 11438584 500 180 5000 100 500
TSWSM_NN 25 40503 48 34279 12769744 500 180 5000 100 500
TSWSM_NN 26 40503 48 35042 9835276 500 180 5000 100 500
TSWSM_NN 27 40503 48 34842 9706951 500 180 5000 100 500
TSWSM_NN 28 40503 48 35080 10654242 500 180 5000 100 500
TSWSM_NN 29 40503 48 34033 12197910 500 180 5000 100 500
TSWSM_NN 30 40503 48 33886 7612286 500 180 5000 100 500
TSESM_AGM 1 665 96 521 91672630 500 180 5000 100 500
TSESM_AGM 2 665 96 536 94686917 500 180 5000 100 500
TSESM_AGM 3 665 96 545 50230640 500 180 5000 100 500
TSESM_AGM 4 665 96 536 95683441 500 180 5000 100 500
TSESM_AGM 5 665 96 530 90490282 500 180 5000 100 500
TSESM_AGM 6 665 96 556 76586371 500 180 5000 100 500
TSESM_AGM 7 665 96 539 69831972 500 180 5000 100 500
TSESM_AGM 8 665 96 508 68905914 500 180 5000 100 500
TSESM_AGM 9 665 96 527 90232941 500 180 5000 100 500
