TSESM_AGM 1 45740 48 35653 8499431 500 180 5000 100 500
TSESM_AGM 2 45740 48 37300 8779116 500 180 5000 100 500
TSESM_AGM 3 45740 48 34507 16947194 500 180 5000 100 500
TSESM_AGM 4 45740 48 34912 14542534 500 180 5000 100 500
TSESM_AGM 5 45740 48 35113 11035270 500 180 5000 100 500
TSESM_AGM 6 45740 48 35000 11513870 500 180 5000 100 500
TSESM_AGM 7 45740 48 34480 12604347 500 180 5000 100 500
TSESM_AGM 8 45740 48 35677 7783281 500 180 5000 100 500
TSESM_AGM 9 45740 48 34077 9646935 500 180 5000 100 500
TSESM_AGM 10 45740 48 34706 9016782 500 180 5000 100 500
TSESM_AGM 11 45740 48 34107 11348339 500 180 5000 100 500
TSESM_AGM 12 45740 48 34792 11832832 500 180 5000 100 500
TSESM_AGM 13 45740 48 34030 14599387 500 180 5000 100 500
TSESM_AGM 14 45740 48 35329 9444995 500 180 5000 100 500
TSESM_AGM 15 45740 48 34398 10954551 500 180 5000 100 500
TSESM_AGM 16 45740 48 34398 13210130 500 180 5000 100 500
TSESM_AGM 17 45740 48 33749 12489202 500 180 5000 100 500
TSESM_AGM 18 45740 48 35535 10522268 500 180 5000 100 500
TSESM_AGM 19 45740 48 35660 7111143 500 180 5000 100 500
TSESM_AGM 20 45740 48 35127 10316611 500 180 5000 100 500
TSESM_AGM 21 45740 48 33726 14183638 500 180 5000 100 500
TSESM_AGM 22 45740 48 34513 10908604 500 180 5000 100 500
TSESM_AGM 23 45740 48 34077 8849900 500 180 5000 100 500
TSESM_AGM 24 45740 48 35153 9377567 500 180 5000 100 500
TSESM_AGM 25 45740 48 35073 14082464 500 180 5000 100 500
TSESM_AGM 26 45740 48 35113 11851673 500 180 5000 100 500
TSESM_AGM 27 45740 48 35195 7775376 500 180 5000 100 500
TSESM_AGM 28 45740 48 34895 10058615 500 180 5000 100 500
TSESM_AGM 29 45740 48 33855 13602006 500 180 5000 100 500
TSESM_AGM 30 45740 48 34507 15717670 500 180 5000 100 500
TSESM_SE 1 40138 48 34546 16105412 500 180 5000 100 500
TSESM_SE 2 40138 48 35110 16890033 500 180 5000 100 500
TSESM_SE 3 40138 48 36102 7197534 500 180 5000 100 500
TSESM_SE 4 40138 48 35051 13387819 500 180 5000 100 500
TSESM_SE 5 40138 48 34704 10664080 500 180 5000 100 500
TSESM_SE 6 40138 48 35013 14554057 500 180 5000 100 500
TSESM_SE 7 40138 48 35521 8967240 500 180 5000 100 500
TSESM_SE 8 40138 48 35386 11208735 500 180 5000 100 500
TSESM_SE 9 40138 48 35214 9081049 500 180 5000 100 500
TSESM_SE 10 40138 48 35294 9240217 500 180 5000 100 500
TSESM_SE 11 40138 48 35505 18276335 500 180 5000 100 500
TSESM_SE 12 40138 48 35107 18356025 500 180 5000 100 500
TSESM_SE 13 40138 48 35271 10132869 500 180 5000 100 500
TSESM_SE 14 40138 48 35003 15457818 500 180 5000 100 500
TSESM_SE 15 40138 48 35214 11264528 500 180 5000 100 500
TSESM_SE 16 40138 48 35277 12603574 500 180 5000 100 500
TSESM_SE 17 40138 48 35269 9766243 500 180 5000 100 500
TSESM_SE 18 40138 48 36410 7674772 500 180 5000 100 500
TSESM_SE 19 40138 48 35439 8938842 500 180 5000 100 500
TSESM_SE 20 40138 48 35425 7774166 500 180 5000 100 500
TSESM_SE 21 40138 48 34924 14578829 500 180 5000 100 500
TSESM_SE 22 40138 48 35523 16145467 500 180 5000 100 500
TSESM_SE 23 40138 48 36521 12181833 500 180 5000 100 500
TSESM_SE 24 40138 48 35642 10692622 500 180 5000 100 500
TSESM_SE 25 40138 48 35510 8526835 500 180 5000 100 500
TSESM_SE 26 40138 48 36098 20113368 500 180 5000 100 500
TSESM_SE 27 40138 48 35765 9718121 500 180 5000 100 500
TSESM_SE 28 40138 48 35984 9350843 500 180 5000 100 500
TSESM_SE 29 40138 48 35013 15939140 500 180 5000 100 500
TSESM_SE 30 40138 48 35404 14189541 500 180 5000 100 500
TSESM_NN 1 40503 48 35051 11698495 500 180 5000 100 500
TSESM_NN 2 40503 48 34709 8646492 500 180 5000 100 500
TSESM_NN 3 40503 48 34340 7158063 500 180 5000 100 500
TSESM_NN 4 40503 48 36169 7366562 500 180 5000 100 500
TSESM_NN 5 40503 48 34171 10186984 500 180 5000 100 500
TSESM_NN 6 40503 48 34568 20701107 500 180 5000 100 500
TSESM_NN 7 40503 48 34525 11061433 500 180 5000 100 500
TSESM_NN 8 40503 48 35181 13544660 500 180 5000 100 500
TSESM_NN 9 40503 48 35234 11819309 500 180 5000 100 500
TSESM_NN 10 40503 48 34403 13304288 500 180 5000 100 500
TSESM_NN 11 40503 48 34564 12174414 500 180 5000 100 500
TSESM_NN 12 40503 48 35343 6985742 500 180 5000 100 500
TSESM_NN 13 40503 48 33596 14064832 500 180 5000 100 500
TSESM_NN 14 40503 48 35887 7584958 500 180 5000 100 500
TSESM_NN 15 40503 48 34076 7478866 500 180 5000 100 500
TSESM_NN 16 40503 48 34585 11681542 500 180 5000 100 500
TSESM_NN 17 40503 48 34313 10110538 500 180 5000 100 500
TSESM_NN 18 40503 48 35224 14793695 500 180 5000 100 500
TSESM_NN 19 40503 48 34669 6712449 500 180 5000 100 500
TSESM_NN 20 40503 48 34278 10264377 500 180 5000 100 500
TSESM_NN 21 40503 48 34381 15341841 500 180 5000 100 500
TSESM_NN 22 40503 48 35504 10897906 500 180 5000 100 500
TSESM_NN 23 40503 48 35514 10398695 500 180 5000 100 500
TSESM_NN 24 40503 48 34373 13731896 500 180 5000 100 500
TSESM_NN 25 40503 48 34926 9415007 500 180 5000 100 500
TSESM_NN 26 40503 48 34724 9502895 500 180 5000 100 500
TSESM_NN 27 40503 48 34381 13072896 500 180 5000 100 500
TSESM_NN 28 40503 48 34780 7296835 500 180 5000 100 500
TSESM_NN 29 40503 48 34373 10527386 500 180 5000 100 500
TSESM_NN 30 40503 48 34525 12973530 500 180 5000 100 500
TSWSM_AGM 1 45740 48 34631 9082525 500 180 5000 100 500
TSWSM_AGM 2 45740 48 34053 10342934 500 180 5000 100 500
TSWSM_AGM 3 45740 48 35750 11056639 500 180 5000 100 500
TSWSM_AGM 4 45740 48 33848 11194489 500 180 5000 100 500
TSWSM_AGM 5 45740 48 34507 13233557 500 180 5000 100 500
TSWSM_AGM 6 45740 48 34077 9882900 500 180 5000 100 500
TSWSM_AGM 7 45740 48 35802 8975768 500 180 5000 100 500
TSWSM_AGM 8 45740 48 35470 13133677 500 180 5000 100 500
TSWSM_AGM 9 45740 48 34077 12113055 500 180 5000 100 500
TSWSM_AGM 10 45740 48 35974 13384267 500 180 5000 100 500
TSWSM_AGM 11 45740 48 34397 10867118 500 180 5000 100 500
TSWSM_AGM 12 45740 48 35725 9227201 500 180 5000 100 500
TSWSM_AGM 13 45740 48 34432 11260007 500 180 5000 100 500
TSWSM_AGM 14 45740 48 34685 12155786 500 180 5000 100 500
TSWSM_AGM 15 45740 48 35033 13316492 500 180 5000 100 500
TSWSM_AGM 16 45740 48 33909 10170383 500 180 5000 100 500
TSWSM_AGM 17 45740 48 34615 12613423 500 180 5000 100 500
TSWSM_AGM 18 45740 48 34272 9217575 500 180 5000 100 500
TSWSM_AGM 19 45740 48 34077 12165291 500 180 5000 100 500
TSWSM_AGM 20 45740 48 35163 7148137 500 180 5000 100 500
TSWSM_AGM 21 45740 48 34707 11109490 500 180 5000 100 500
TSWSM_AGM 22 45740 48 35875 12077544 500 180 5000 100 500
TSWSM_AGM 23 45740 48 34986 18707760 500 180 5000 100 500
TSWSM_AGM 24 45740 48 35145 11578511 500 180 5000 100 500
TSWSM_AGM 25 45740 48 35487 10728497 500 180 5000 100 500
TSWSM_AGM 26 45740 48 34960 12241895 500 180 5000 100 500
TSWSM_AGM 27 45740 48 35454 9207311 500 180 5000 100 500
TSWSM_AGM 28 45740 48 36595 14087754 500 180 5000 100 500
TSWSM_AGM 29 45740 48 34077 17453228 500 180 5000 100 500
TSWSM_AGM 30 45740 48 36620 12395398 500 180 5000 100 500
TSWSM_SE 1 40138 48 35458 9397447 500 180 5000 100 500
TSWSM_SE 2 40138 48 35376 8370934 500 180 5000 100 500
TSWSM_SE 3 40138 48 35459 6996003 500 180 5000 100 500
TSWSM_SE 4 40138 48 35519 8041792 500 180 5000 100 500
TSWSM_SE 5 40138 48 34770 8394144 500 180 5000 100 500
TSWSM_SE 6 40138 48 35212 12951862 500 180 5000 100 500
TSWSM_SE 7 40138 48 36427 11435577 500 180 5000 100 500
TSWSM_SE 8 40138 48 34994 7482507 500 180 5000 100 500
TSWSM_SE 9 40138 48 34562 11706214 500 180 5000 100 500
TSWSM_SE 10 40138 48 35893 14647653 500 180 5000 100 500
TSWSM_SE 11 40138 48 36258 9435518 500 180 5000 100 500
TSWSM_SE 12 40138 48 35855 10844915 500 180 5000 100 500
TSWSM_SE 13 40138 48 35430 11492867 500 180 5000 100 500
TSWSM_SE 14 40138 48 36410 10912991 500 180 5000 100 500
TSWSM_SE 15 40138 48 35167 15912240 500 180 5000 100 500
TSWSM_SE 16 40138 48 34982 10325322 500 180 5000 100 500
TSWSM_SE 17 40138 48 35776 16879948 500 180 5000 100 500
TSWSM_SE 18 40138 48 35051 13104534 500 180 5000 100 500
TSWSM_SE 19 40138 48 34702 20732459 500 180 5000 100 500
TSWSM_SE 20 40138 48 35458 9288729 500 180 5000 100 500
TSWSM_SE 21 40138 48 35475 13619513 500 180 5000 100 500
TSWSM_SE 22 40138 48 36002 13906817 500 180 5000 100 500
TSWSM_SE 23 40138 48 35051 13489788 500 180 5000 100 500
TSWSM_SE 24 40138 48 35232 9712624 500 180 5000 100 500
TSWSM_SE 25 40138 48 35341 10658355 500 180 5000 100 500
TSWSM_SE 26 40138 48 36339 8303098 500 180 5000 100 500
TSWSM_SE 27 40138 48 34869 13213779 500 180 5000 100 500
TSWSM_SE 28 40138 48 36436 9911133 500 180 5000 100 500
TSWSM_SE 29 40138 48 35521 17467486 500 180 5000 100 500
TSWSM_SE 30 40138 48 35510 14572286 500 180 5000 100 500
TSWSM_SE 1 40138 48 35458 9397447 500 180 5000 100 500
TSWSM_SE 2 40138 48 35376 8370934 500 180 5000 100 500
TSWSM_SE 3 40138 48 35459 6996003 500 180 5000 100 500
TSWSM_SE 4 40138 48 35519 8041792 500 180 5000 100 500
TSWSM_SE 5 40138 48 34770 8394144 500 180 5000 100 500
TSWSM_SE 6 40138 48 35212 12951862 500 180 5000 100 500
TSWSM_SE 7 40138 48 36427 11435577 500 180 5000 100 500
TSWSM_SE 8 40138 48 34994 7482507 500 180 5000 100 500
TSWSM_SE 9 40138 48 34562 11706214 500 180 5000 100 500
TSWSM_SE 10 40138 48 35893 14647653 500 180 5000 100 500
TSWSM_SE 11 40138 48 36258 9435518 500 180 5000 100 500
TSWSM_SE 12 40138 48 35855 10844915 500 180 5000 100 500
TSWSM_SE 13 40138 48 35430 11492867 500 180 5000 100 500
TSWSM_SE 14 40138 48 36410 10912991 500 180 5000 100 500
TSWSM_SE 15 40138 48 35167 15912240 500 180 5000 100 500
TSWSM_SE 16 40138 48 34982 10325322 500 180 5000 100 500
TSWSM_SE 17 40138 48 35776 16879948 500 180 5000 100 500
TSWSM_SE 18 40138 48 35051 13104534 500 180 5000 100 500
TSWSM_SE 19 40138 48 34702 20732459 500 180 5000 100 500
TSWSM_SE 20 40138 48 35458 9288729 500 180 5000 100 500
TSWSM_SE 21 40138 48 35475 13619513 500 180 5000 100 500
TSWSM_SE 22 40138 48 36002 13906817 500 180 5000 100 500
TSWSM_SE 23 40138 48 35051 13489788 500 180 5000 100 500
TSWSM_SE 24 40138 48 35232 9712624 500 180 5000 100 500
TSWSM_SE 25 40138 48 35341 10658355 500 180 5000 100 500
TSWSM_SE 26 40138 48 36339 8303098 500 180 5000 100 500
TSWSM_SE 27 40138 48 34869 13213779 500 180 5000 100 500
TSWSM_SE 28 40138 48 36436 9911133 500 180 5000 100 500
TSWSM_SE 29 40138 48 35521 17467486 500 180 5000 100 500
TSWSM_SE 30 40138 48 35510 14572286 500 180 5000 100 500
TSWSM_NN 1 40503 48 35314 10410203 500 180 5000 100 500
TSWSM_NN 2 40503 48 35503 9963599 500 180 5000 100 500
TSWSM_NN 3 40503 48 34709 8952336 500 180 5000 100 500
TSWSM_NN 4 40503 48 34709 8142852 500 180 5000 100 500
TSWSM_NN 5 40503 48 35265 14303394 500 180 5000 100 500
TSWSM_NN 6 40503 48 33848 13594970 500 180 5000 100 500
TSWSM_NN 7 40503 48 34448 10542155 500 180 5000 100 500
TSWSM_NN 8 40503 48 35414 11108477 500 180 5000 100 500
TSWSM_NN 9 40503 48 34331 6739955 500 180 5000 100 500
TSWSM_NN 10 40503 48 35322 10904910 500 180 5000 100 500
TSWSM_NN 11 40503 48 34913 14574644 500 180 5000 100 500
TSWSM_NN 12 40503 48 34490 15854036 500 180 5000 100 500
TSWSM_NN 13 40503 48 35181 12244173 500 180 5000 100 500
TSWSM_NN 14 40503 48 34978 8782582 500 180 5000 100 500
TSWSM_NN 15 40503 48 35523 11707054 500 180 5000 100 500
TSWSM_NN 16 40503 48 35155 8782088 500 180 5000 100 500
TSWSM_NN 17 40503 48 34430 9742521 500 180 5000 100 500
TSWSM_NN 18 40503 48 35184 13902164 500 180 5000 100 500
TSWSM_NN 19 40503 48 34491 8733919 500 180 5000 100 500
TSWSM_NN 20 40503 48 33966 7993931 500 180 5000 100 500
TSWSM_NN 21 40503 48 34824 7971016 500 180 5000 100 500
TSWSM_NN 22 40503 48 34336 10996330 500 180 5000 100 500
TSWSM_NN 23 40503 48 34564 13613470 500 180 5000 100 500
TSWSM_NN 24 40503 48 34213 11438584 500 180 5000 100 500
TSWSM_NN 25 40503 48 34279 12769744 500 180 5000 100 500
TSWSM_NN 26 40503 48 35042 9835276 500 180 5000 100 500
TSWSM_NN 27 40503 48 34842 9706951 500 180 5000 100 500
TSWSM_NN 28 40503 48 35080 10654242 500 180 5000 100 500
TSWSM_NN 29 40503 48 34033 12197910 500 180 5000 100 500
TSWSM_NN 30 40503 48 33886 7612286 500 180 5000 100 500
TSESM_AGM 1 10713 52 8420 11536124 500 180 5000 100 500
TSESM_AGM 2 10713 52 8646 15940691 500 180 5000 100 500
TSESM_AGM 3 10713 52 8284 15828951 500 180 5000 100 500
TSESM_AGM 4 10713 52 8369 14014935 500 180 5000 100 500
TSESM_AGM 5 10713 52 8316 15243665 500 180 5000 100 500
TSESM_AGM 6 10713 52 8263 20056290 500 180 5000 100 500
TSESM_AGM 7 10713 52 8034 27720779 500 180 5000 100 500
TSESM_AGM 8 10713 52 8358 10631986 500 180 5000 100 500
TSESM_AGM 9 10713 52 8281 16064759 500 180 5000 100 500
TSESM_AGM 10 10713 52 7820 22294725 500 180 5000 100 500
TSESM_AGM 11 10713 52 8310 16921048 500 180 5000 100 500
TSESM_AGM 12 10713 52 8120 20634161 500 180 5000 100 500
TSESM_AGM 13 10713 52 8276 10633249 500 180 5000 100 500
TSESM_AGM 14 10713 52 7860 26776587 500 180 5000 100 500
TSESM_AGM 15 10713 52 8239 11863813 500 180 5000 100 500
TSESM_AGM 16 10713 52 7834 18002782 500 180 5000 100 500
TSESM_AGM 17 10713 52 8572 12279321 500 180 5000 100 500
TSESM_AGM 18 10713 52 8345 13005162 500 180 5000 100 500
TSESM_AGM 19 10713 52 8783 18610534 500 180 5000 100 500
TSESM_AGM 20 10713 52 8278 13427977 500 180 5000 100 500
TSESM_AGM 21 10713 52 8050 16495529 500 180 5000 100 500
TSESM_AGM 22 10713 52 8523 16261803 500 180 5000 100 500
TSESM_AGM 23 10713 52 8212 12873834 500 180 5000 100 500
TSESM_AGM 24 10713 52 8079 16629260 500 180 5000 100 500
TSESM_AGM 25 10713 52 8518 17995731 500 180 5000 100 500
TSESM_AGM 26 10713 52 8257 16411950 500 180 5000 100 500
TSESM_AGM 27 10713 52 8620 13952216 500 180 5000 100 500
TSESM_AGM 28 10713 52 8599 15434446 500 180 5000 100 500
TSESM_AGM 29 10713 52 8080 15739101 500 180 5000 100 500
TSESM_AGM 30 10713 52 8268 15785181 500 180 5000 100 500
TSESM_SE 1 9937 52 8140 15227207 500 180 5000 100 500
TSESM_SE 2 9937 52 8585 11986085 500 180 5000 100 500
TSESM_SE 3 9937 52 7939 15600133 500 180 5000 100 500
TSESM_SE 4 9937 52 7963 19726815 500 180 5000 100 500
TSESM_SE 5 9937 52 7851 11361372 500 180 5000 100 500
TSESM_SE 6 9937 52 8823 10591109 500 180 5000 100 500
TSESM_SE 7 9937 52 7964 18472963 500 180 5000 100 500
TSESM_SE 8 9937 52 7892 13878733 500 180 5000 100 500
TSESM_SE 9 9937 52 8579 12308229 500 180 5000 100 500
TSESM_SE 10 9937 52 8503 14157751 500 180 5000 100 500
TSESM_SE 11 9937 52 8083 11561484 500 180 5000 100 500
TSESM_SE 12 9937 52 7867 17044525 500 180 5000 100 500
TSESM_SE 13 9937 52 8173 13451725 500 180 5000 100 500
TSESM_SE 14 9937 52 8000 9875711 500 180 5000 100 500
TSESM_SE 15 9937 52 8415 18160857 500 180 5000 100 500
TSESM_SE 16 9937 52 8513 10566040 500 180 5000 100 500
TSESM_SE 17 9937 52 7861 13295564 500 180 5000 100 500
TSESM_SE 18 9937 52 7711 17049904 500 180 5000 100 500
TSESM_SE 19 9937 52 7768 27182771 500 180 5000 100 500
TSESM_SE 20 9937 52 8566 11828967 500 180 5000 100 500
TSESM_SE 21 9937 52 8258 20263454 500 180 5000 100 500
TSESM_SE 22 9937 52 8537 12473212 500 180 5000 100 500
TSESM_SE 23 9937 52 7641 15882318 500 180 5000 100 500
TSESM_SE 24 9937 52 8097 12039922 500 180 5000 100 500
TSESM_SE 25 9937 52 8260 9847510 500 180 5000 100 500
TSESM_SE 26 9937 52 7831 17187379 500 180 5000 100 500
TSESM_SE 27 9937 52 8411 12477913 500 180 5000 100 500
TSESM_SE 28 9937 52 8432 16443952 500 180 5000 100 500
TSESM_SE 29 9937 52 7602 11553806 500 180 5000 100 500
TSESM_SE 30 9937 52 7710 14650549 500 180 5000 100 500
TSESM_NN 1 8962 52 8175 13021971 500 180 5000 100 500
TSESM_NN 2 8962 52 7822 15666574 500 180 5000 100 500
TSESM_NN 3 8962 52 8092 12653366 500 180 5000 100 500
TSESM_NN 4 8962 52 8218 9748946 500 180 5000 100 500
TSESM_NN 5 8962 52 8046 11452698 500 180 5000 100 500
TSESM_NN 6 8962 52 8142 13849595 500 180 5000 100 500
TSESM_NN 7 8962 52 8094 11762954 500 180 5000 100 500
TSESM_NN 8 8962 52 7812 14678223 500 180 5000 100 500
TSESM_NN 9 8962 52 7922 19052224 500 180 5000 100 500
TSESM_NN 10 8962 52 8076 13381838 500 180 5000 100 500
TSESM_NN 11 8962 52 8112 15639157 500 180 5000 100 500
TSESM_NN 12 8962 52 8084 14819074 500 180 5000 100 500
TSESM_NN 13 8962 52 8007 12338883 500 180 5000 100 500
TSESM_NN 14 8962 52 8259 14841370 500 180 5000 100 500
TSESM_NN 15 8962 52 8208 17040326 500 180 5000 100 500
TSESM_NN 16 8962 52 8136 15172638 500 180 5000 100 500
TSESM_NN 17 8962 52 8142 12465147 500 180 5000 100 500
TSESM_NN 18 8962 52 8153 11102352 500 180 5000 100 500
TSESM_NN 19 8962 52 8007 7691946 500 180 5000 100 500
TSESM_NN 20 8962 52 8041 9343730 500 180 5000 100 500
TSESM_NN 21 8962 52 7972 10895385 500 180 5000 100 500
TSESM_NN 22 8962 52 8094 11624445 500 180 5000 100 500
TSESM_NN 23 8962 52 8040 12838029 500 180 5000 100 500
TSESM_NN 24 8962 52 8019 9960064 500 180 5000 100 500
TSESM_NN 25 8962 52 8031 11722718 500 180 5000 100 500
TSESM_NN 26 8962 52 8099 14471863 500 180 5000 100 500
TSESM_NN 27 8962 52 8147 8882262 500 180 5000 100 500
TSESM_NN 28 8962 52 8142 7792890 500 180 5000 100 500
TSESM_NN 29 8962 52 8083 14873431 500 180 5000 100 500
TSESM_NN 30 8962 52 8045 7527888 500 180 5000 100 500
TSWSM_AGM 1 10713 52 8410 16049925 500 180 5000 100 500
TSWSM_AGM 2 10713 52 7888 16286600 500 180 5000 100 500
TSWSM_AGM 3 10713 52 7931 17069185 500 180 5000 100 500
TSWSM_AGM 4 10713 52 7931 22935774 500 180 5000 100 500
TSWSM_AGM 5 10713 52 8345 21744031 500 180 5000 100 500
TSWSM_AGM 6 10713 52 8920 21205242 500 180 5000 100 500
TSWSM_AGM 7 10713 52 8164 22721995 500 180 5000 100 500
TSWSM_AGM 8 10713 52 8262 13605645 500 180 5000 100 500
TSWSM_AGM 9 10713 52 8357 12410945 500 180 5000 100 500
TSWSM_AGM 10 10713 52 8500 17775273 500 180 5000 100 500
TSWSM_AGM 11 10713 52 7883 24027588 500 180 5000 100 500
TSWSM_AGM 12 10713 52 8273 20565493 500 180 5000 100 500
TSWSM_AGM 13 10713 52 8232 12897197 500 180 5000 100 500
TSWSM_AGM 14 10713 52 7959 19149687 500 180 5000 100 500
TSWSM_AGM 15 10713 52 8337 20290596 500 180 5000 100 500
TSWSM_AGM 16 10713 52 8558 18540434 500 180 5000 100 500
TSWSM_AGM 17 10713 52 8251 15758019 500 180 5000 100 500
TSWSM_AGM 18 10713 52 8051 15261002 500 180 5000 100 500
TSWSM_AGM 19 10713 52 8513 12664250 500 180 5000 100 500
TSWSM_AGM 20 10713 52 8387 15317536 500 180 5000 100 500
TSWSM_AGM 21 10713 52 8240 13432914 500 180 5000 100 500
TSWSM_AGM 22 10713 52 8290 18849954 500 180 5000 100 500
TSWSM_AGM 23 10713 52 8297 14711907 500 180 5000 100 500
TSWSM_AGM 24 10713 52 8279 19832950 500 180 5000 100 500
TSWSM_AGM 25 10713 52 8612 13427145 500 180 5000 100 500
TSWSM_AGM 26 10713 52 8103 20708739 500 180 5000 100 500
TSWSM_AGM 27 10713 52 8250 17782383 500 180 5000 100 500
TSWSM_AGM 28 10713 52 7776 17080131 500 180 5000 100 500
TSWSM_AGM 29 10713 52 8306 14802792 500 180 5000 100 500
TSWSM_AGM 30 10713 52 7715 14814949 500 180 5000 100 500

TSWSM_NN 1 8962 52 8094 15735364 500 180 5000 100 500
TSWSM_NN 2 8962 52 7965 12241830 500 180 5000 100 500
TSWSM_NN 3 8962 52 7897 16107616 500 180 5000 100 500
TSWSM_NN 4 8962 52 8018 14741213 500 180 5000 100 500
TSWSM_NN 5 8962 52 8158 14309233 500 180 5000 100 500
TSWSM_NN 6 8962 52 7972 12594822 500 180 5000 100 500
TSWSM_NN 7 8962 52 8030 15626733 500 180 5000 100 500
TSWSM_NN 8 8962 52 8019 11900654 500 180 5000 100 500
TSWSM_NN 9 8962 52 8035 9858560 500 180 5000 100 500
TSWSM_NN 10 8962 52 8006 16815449 500 180 5000 100 500
TSWSM_NN 11 8962 52 7963 17984934 500 180 5000 100 500
TSWSM_NN 12 8962 52 8104 12739006 500 180 5000 100 500
TSWSM_NN 13 8962 52 8094 12243144 500 180 5000 100 500
TSWSM_NN 14 8962 52 8302 11191467 500 180 5000 100 500
TSWSM_NN 15 8962 52 8083 11471615 500 180 5000 100 500
TSWSM_NN 16 8962 52 7979 11371155 500 180 5000 100 500
TSWSM_NN 17 8962 52 8051 15774588 500 180 5000 100 500
TSWSM_NN 18 8962 52 8009 11068483 500 180 5000 100 500
TSWSM_NN 19 8962 52 8088 11270759 500 180 5000 100 500
TSWSM_NN 20 8962 52 8157 10579600 500 180 5000 100 500
TSWSM_NN 21 8962 52 8076 16355607 500 180 5000 100 500
TSWSM_NN 22 8962 52 7972 16242658 500 180 5000 100 500
TSWSM_NN 23 8962 52 8112 19146429 500 180 5000 100 500
TSWSM_NN 24 8962 52 8179 12104129 500 180 5000 100 500
TSWSM_NN 25 8962 52 8089 8946322 500 180 5000 100 500
TSWSM_NN 26 8962 52 8290 13160664 500 180 5000 100 500
TSWSM_NN 27 8962 52 7960 15656282 500 180 5000 100 500
TSWSM_NN 28 8962 52 7990 23092788 500 180 5000 100 500
TSWSM_NN 29 8962 52 8016 10351058 500 180 5000 100 500
TSWSM_NN 30 8962 52 8041 12914622 500 180 5000 100 500
