TSWSM_SE 1 9937 52 8528 13368717 500 180 5000 100 500
TSWSM_SE 2 9937 52 8500 7853470 500 180 5000 100 500
TSWSM_SE 3 9937 52 8282 17381430 500 180 5000 100 500
TSWSM_SE 4 9937 52 8417 9919330 500 180 5000 100 500
TSWSM_SE 5 9937 52 8599 12846336 500 180 5000 100 500
TSWSM_SE 6 9937 52 8542 19684116 500 180 5000 100 500
TSWSM_SE 7 9937 52 8509 11359137 500 180 5000 100 500
TSWSM_SE 8 9937 52 8339 14699587 500 180 5000 100 500
TSWSM_SE 9 9937 52 7833 21166262 500 180 5000 100 500
TSWSM_SE 10 9937 52 7931 16637995 500 180 5000 100 500
TSWSM_SE 11 9937 52 8496 16272836 500 180 5000 100 500
TSWSM_SE 12 9937 52 7909 15242516 500 180 5000 100 500
TSWSM_SE 13 9937 52 8001 14236234 500 180 5000 100 500
TSWSM_SE 14 9937 52 7526 20644810 500 180 5000 100 500
TSWSM_SE 15 9937 52 8329 16172298 500 180 5000 100 500
TSWSM_SE 16 9937 52 8083 19005271 500 180 5000 100 500
TSWSM_SE 17 9937 52 7660 18605487 500 180 5000 100 500
TSWSM_SE 18 9937 52 8433 14352585 500 180 5000 100 500
TSWSM_SE 19 9937 52 8046 17281228 500 180 5000 100 500
TSWSM_SE 20 9937 52 8566 16132303 500 180 5000 100 500
TSWSM_SE 21 9937 52 8720 15003395 500 180 5000 100 500
TSWSM_SE 22 9937 52 8606 15978276 500 180 5000 100 500
TSWSM_SE 23 9937 52 8174 14369037 500 180 5000 100 500
TSWSM_SE 24 9937 52 8497 9105353 500 180 5000 100 500
TSWSM_SE 25 9937 52 8442 13929364 500 180 5000 100 500
TSWSM_SE 26 9937 52 8317 23465758 500 180 5000 100 500
TSWSM_SE 27 9937 52 8231 14435121 500 180 5000 100 500
TSWSM_SE 28 9937 52 8393 16144558 500 180 5000 100 500
TSWSM_SE 29 9937 52 8378 14762246 500 180 5000 100 500
TSWSM_SE 30 9937 52 8448 12187679 500 180 5000 100 500
