TSESM_SE 1 9937 52 8140 15227207 500 180 5000 100 500
TSESM_SE 2 9937 52 8585 11986085 500 180 5000 100 500
TSESM_SE 3 9937 52 7939 15600133 500 180 5000 100 500
TSESM_SE 4 9937 52 7963 19726815 500 180 5000 100 500
TSESM_SE 5 9937 52 7851 11361372 500 180 5000 100 500
TSESM_SE 6 9937 52 8823 10591109 500 180 5000 100 500
TSESM_SE 7 9937 52 7964 18472963 500 180 5000 100 500
TSESM_SE 8 9937 52 7892 13878733 500 180 5000 100 500
TSESM_SE 9 9937 52 8579 12308229 500 180 5000 100 500
TSESM_SE 10 9937 52 8503 14157751 500 180 5000 100 500
TSESM_SE 11 9937 52 8083 11561484 500 180 5000 100 500
TSESM_SE 12 9937 52 7867 17044525 500 180 5000 100 500
TSESM_SE 13 9937 52 8173 13451725 500 180 5000 100 500
TSESM_SE 14 9937 52 8000 9875711 500 180 5000 100 500
TSESM_SE 15 9937 52 8415 18160857 500 180 5000 100 500
TSESM_SE 16 9937 52 8513 10566040 500 180 5000 100 500
TSESM_SE 17 9937 52 7861 13295564 500 180 5000 100 500
TSESM_SE 18 9937 52 7711 17049904 500 180 5000 100 500
TSESM_SE 19 9937 52 7768 27182771 500 180 5000 100 500
TSESM_SE 20 9937 52 8566 11828967 500 180 5000 100 500
TSESM_SE 21 9937 52 8258 20263454 500 180 5000 100 500
TSESM_SE 22 9937 52 8537 12473212 500 180 5000 100 500
TSESM_SE 23 9937 52 7641 15882318 500 180 5000 100 500
TSESM_SE 24 9937 52 8097 12039922 500 180 5000 100 500
TSESM_SE 25 9937 52 8260 9847510 500 180 5000 100 500
TSESM_SE 26 9937 52 7831 17187379 500 180 5000 100 500
TSESM_SE 27 9937 52 8411 12477913 500 180 5000 100 500
TSESM_SE 28 9937 52 8432 16443952 500 180 5000 100 500
TSESM_SE 29 9937 52 7602 11553806 500 180 5000 100 500
TSESM_SE 30 9937 52 7710 14650549 500 180 5000 100 500
TSWSM_NN 1 8962 52 8094 15735364 500 180 5000 100 500
TSWSM_NN 2 8962 52 7965 12241830 500 180 5000 100 500
TSWSM_NN 3 8962 52 7897 16107616 500 180 5000 100 500
TSWSM_NN 4 8962 52 8018 14741213 500 180 5000 100 500
TSWSM_NN 5 8962 52 8158 14309233 500 180 5000 100 500
TSWSM_NN 6 8962 52 7972 12594822 500 180 5000 100 500
TSWSM_NN 7 8962 52 8030 15626733 500 180 5000 100 500
TSWSM_NN 8 8962 52 8019 11900654 500 180 5000 100 500
TSWSM_NN 9 8962 52 8035 9858560 500 180 5000 100 500
TSWSM_NN 10 8962 52 8006 16815449 500 180 5000 100 500
TSWSM_NN 11 8962 52 7963 17984934 500 180 5000 100 500
TSWSM_NN 12 8962 52 8104 12739006 500 180 5000 100 500
TSWSM_NN 13 8962 52 8094 12243144 500 180 5000 100 500
TSWSM_NN 14 8962 52 8302 11191467 500 180 5000 100 500
TSWSM_NN 15 8962 52 8083 11471615 500 180 5000 100 500
TSWSM_NN 16 8962 52 7979 11371155 500 180 5000 100 500
TSWSM_NN 17 8962 52 8051 15774588 500 180 5000 100 500
TSWSM_NN 18 8962 52 8009 11068483 500 180 5000 100 500
TSWSM_NN 19 8962 52 8088 11270759 500 180 5000 100 500
TSWSM_NN 20 8962 52 8157 10579600 500 180 5000 100 500
TSWSM_NN 21 8962 52 8076 16355607 500 180 5000 100 500
TSWSM_NN 22 8962 52 7972 16242658 500 180 5000 100 500
TSWSM_NN 23 8962 52 8112 19146429 500 180 5000 100 500
TSWSM_NN 24 8962 52 8179 12104129 500 180 5000 100 500
TSWSM_NN 25 8962 52 8089 8946322 500 180 5000 100 500
TSWSM_NN 26 8962 52 8290 13160664 500 180 5000 100 500
TSWSM_NN 27 8962 52 7960 15656282 500 180 5000 100 500
TSWSM_NN 28 8962 52 7990 23092788 500 180 5000 100 500
TSWSM_NN 29 8962 52 8016 10351058 500 180 5000 100 500
TSWSM_NN 30 8962 52 8041 12914622 500 180 5000 100 500
